1, 1, 1, 1, 1, 1, 1, 1, 1, 1, 1, 1, 1, 1, 1, 1, 1, 1, 1, 1, 1, 1, 1, 1, 1, 1, 1, 1, 1, 1, 1, 1, 1, 1, 1, 1, 1, 1, 1, 1, 1, 1, 1, 1, 1, 1, 1, 1, 1, 1, 1, 1, 1, 1, 1, 1, 1, 1, 1, 1, 1, 1, 1, 1, 1, 1, 1, 1, 1, 1, 1, 1, 0, 0, 6, 7, 3, 0, 0, 0, 0, 1, 2, 2, 2, 1, 1, 2, 20, 58, 87, 96, 107, 104, 52, 0, 0, 10, 0, 0, 5, 8, 0, 0, 1, 1, 1, 1, 1, 1, 1, 1, 1, 1, 1, 1, 1, 1, 1, 1, 1, 1, 1, 1, 1, 1, 1, 1, 1, 1, 1, 1, 1, 1, 1, 1, 1, 1, 1, 1, 1, 1, 1, 1, 1
1, 1, 1, 1, 1, 1, 1, 1, 1, 1, 1, 1, 1, 1, 1, 1, 1, 1, 1, 1, 1, 1, 1, 1, 1, 1, 1, 1, 1, 1, 1, 1, 1, 1, 1, 1, 1, 1, 1, 1, 1, 1, 1, 1, 1, 1, 1, 1, 1, 1, 1, 1, 1, 1, 1, 1, 1, 1, 1, 1, 1, 1, 1, 1, 1, 1, 1, 1, 1, 1, 1, 1, 15, 2, 0, 0, 4, 0, 2, 22, 11, 3, 0, 0, 24, 91, 171, 227, 233, 250, 255, 253, 255, 255, 227, 187, 110, 0, 22, 0, 0, 0, 0, 20, 1, 1, 1, 1, 1, 1, 1, 1, 1, 1, 1, 1, 1, 1, 1, 1, 1, 1, 1, 1, 1, 1, 1, 1, 1, 1, 1, 1, 1, 1, 1, 1, 1, 1, 1, 1, 1, 1, 1, 1, 1
1, 1, 1, 1, 1, 1, 1, 1, 1, 1, 1, 1, 1, 1, 1, 1, 1, 1, 1, 1, 1, 1, 1, 1, 1, 1, 1, 1, 1, 1, 1, 1, 1, 1, 1, 1, 1, 1, 1, 1, 1, 1, 1, 1, 1, 1, 1, 1, 1, 1, 1, 1, 1, 1, 1, 1, 1, 1, 1, 1, 1, 1, 1, 1, 1, 1, 1, 1, 1, 1, 1, 1, 0, 8, 0, 0, 5, 2, 0, 0, 0, 0, 7, 90, 199, 255, 255, 245, 255, 255, 255, 250, 254, 255, 255, 242, 243, 204, 77, 19, 0, 0, 12, 0, 1, 1, 1, 1, 1, 1, 1, 1, 1, 1, 1, 1, 1, 1, 1, 1, 1, 1, 1, 1, 1, 1, 1, 1, 1, 1, 1, 1, 1, 1, 1, 1, 1, 1, 1, 1, 1, 1, 1, 1, 1
1, 1, 1, 1, 1, 1, 1, 1, 1, 1, 1, 1, 1, 1, 1, 1, 1, 1, 1, 1, 1, 1, 1, 1, 1, 1, 1, 1, 1, 1, 1, 1, 1, 1, 1, 1, 1, 1, 1, 1, 1, 1, 1, 1, 1, 1, 1, 1, 1, 1, 1, 1, 1, 1, 1, 1, 1, 1, 1, 1, 1, 1, 1, 1, 1, 1, 1, 1, 1, 1, 1, 1, 0, 0, 0, 10, 9, 0, 2, 75, 84, 139, 208, 250, 255, 250, 250, 254, 254, 250, 249, 253, 255, 255, 255, 255, 255, 255, 226, 5, 2, 3, 13, 0, 1, 1, 1, 1, 1, 1, 1, 1, 1, 1, 1, 1, 1, 1, 1, 1, 1, 1, 1, 1, 1, 1, 1, 1, 1, 1, 1, 1, 1, 1, 1, 1, 1, 1, 1, 1, 1, 1, 1, 1, 1
1, 1, 1, 1, 1, 1, 1, 1, 1, 1, 1, 1, 1, 1, 1, 1, 1, 1, 1, 1, 1, 1, 1, 1, 1, 1, 1, 1, 1, 1, 1, 1, 1, 1, 1, 1, 1, 1, 1, 1, 1, 1, 1, 1, 1, 1, 1, 1, 1, 1, 1, 1, 1, 1, 1, 1, 1, 1, 1, 1, 1, 1, 1, 1, 1, 1, 1, 1, 1, 1, 1, 1, 0, 17, 3, 0, 4, 73, 160, 229, 254, 255, 255, 255, 255, 255, 255, 255, 255, 250, 252, 255, 255, 250, 250, 255, 243, 246, 255, 173, 16, 0, 0, 11, 1, 1, 1, 1, 1, 1, 1, 1, 1, 1, 1, 1, 1, 1, 1, 1, 1, 1, 1, 1, 1, 1, 1, 1, 1, 1, 1, 1, 1, 1, 1, 1, 1, 1, 1, 1, 1, 1, 1, 1, 1
1, 1, 1, 1, 1, 1, 1, 1, 1, 1, 1, 1, 1, 1, 1, 1, 1, 1, 1, 1, 1, 1, 1, 1, 1, 1, 1, 1, 1, 1, 1, 1, 1, 1, 1, 1, 1, 1, 1, 1, 1, 1, 1, 1, 1, 1, 1, 1, 1, 1, 1, 1, 1, 1, 1, 1, 1, 1, 1, 1, 1, 1, 1, 1, 1, 1, 1, 1, 1, 1, 1, 1, 0, 0, 0, 14, 107, 227, 255, 255, 250, 253, 255, 255, 254, 254, 255, 255, 255, 252, 252, 255, 255, 249, 250, 255, 255, 255, 255, 255, 184, 26, 5, 0, 1, 1, 1, 1, 1, 1, 1, 1, 1, 1, 1, 1, 1, 1, 1, 1, 1, 1, 1, 1, 1, 1, 1, 1, 1, 1, 1, 1, 1, 1, 1, 1, 1, 1, 1, 1, 1, 1, 1, 1, 1
1, 1, 1, 1, 1, 1, 1, 1, 1, 1, 1, 1, 1, 1, 1, 1, 1, 1, 1, 1, 1, 1, 1, 1, 1, 1, 1, 1, 1, 1, 1, 1, 1, 1, 1, 1, 1, 1, 1, 1, 1, 1, 1, 1, 1, 1, 1, 1, 1, 1, 1, 1, 1, 1, 1, 1, 1, 1, 1, 1, 1, 1, 1, 1, 1, 1, 1, 1, 1, 1, 1, 1, 18, 0, 22, 173, 255, 255, 254, 250, 255, 255, 255, 255, 255, 255, 252, 250, 255, 252, 250, 254, 255, 255, 255, 255, 250, 250, 248, 255, 237, 224, 26, 2, 1, 1, 1, 1, 1, 1, 1, 1, 1, 1, 1, 1, 1, 1, 1, 1, 1, 1, 1, 1, 1, 1, 1, 1, 1, 1, 1, 1, 1, 1, 1, 1, 1, 1, 1, 1, 1, 1, 1, 1, 1
1, 1, 1, 1, 1, 1, 1, 1, 1, 1, 1, 1, 1, 1, 1, 1, 1, 1, 1, 1, 1, 1, 1, 1, 1, 1, 1, 1, 1, 1, 1, 1, 1, 1, 1, 1, 1, 1, 1, 1, 1, 1, 1, 1, 1, 1, 1, 1, 1, 1, 1, 1, 1, 1, 1, 1, 1, 1, 1, 1, 1, 1, 1, 1, 1, 1, 1, 1, 1, 1, 1, 1, 0, 31, 162, 255, 252, 245, 255, 253, 252, 250, 249, 250, 255, 255, 255, 255, 255, 255, 255, 255, 255, 255, 253, 250, 255, 255, 242, 255, 250, 255, 142, 0, 1, 1, 1, 1, 1, 1, 1, 1, 1, 1, 1, 1, 1, 1, 1, 1, 1, 1, 1, 1, 1, 1, 1, 1, 1, 1, 1, 1, 1, 1, 1, 1, 1, 1, 1, 1, 1, 1, 1, 1, 1
1, 1, 1, 1, 1, 1, 1, 1, 1, 1, 1, 1, 1, 1, 1, 1, 1, 1, 1, 1, 1, 1, 1, 1, 1, 1, 1, 1, 1, 1, 1, 1, 4, 0, 0, 2, 0, 0, 0, 10, 0, 0, 0, 0, 2, 2, 0, 0, 11, 0, 0, 10, 0, 3, 3, 0, 1, 1, 1, 1, 1, 1, 1, 1, 0, 8, 5, 0, 17, 0, 23, 0, 2, 174, 255, 248, 255, 255, 243, 255, 255, 255, 255, 255, 255, 255, 255, 255, 255, 255, 255, 255, 255, 255, 255, 255, 255, 255, 243, 255, 252, 255, 234, 70, 0, 2, 8, 0, 7, 0, 6, 0, 1, 1, 1, 1, 1, 1, 1, 1, 1, 1, 1, 1, 1, 1, 1, 1, 1, 1, 1, 1, 1, 1, 1, 1, 1, 1, 1, 1, 1, 1, 1, 1, 1
1, 1, 1, 1, 1, 1, 1, 1, 1, 1, 1, 1, 1, 1, 1, 1, 1, 1, 1, 1, 1, 1, 1, 1, 1, 1, 1, 1, 1, 1, 1, 1, 0, 10, 17, 3, 0, 9, 6, 0, 14, 8, 0, 0, 0, 0, 0, 0, 0, 3, 13, 3, 0, 0, 0, 12, 1, 1, 1, 1, 1, 1, 1, 1, 0, 0, 9, 0, 0, 4, 0, 59, 151, 237, 255, 252, 255, 255, 245, 254, 255, 255, 255, 255, 255, 255, 255, 255, 255, 255, 255, 255, 255, 255, 255, 255, 246, 255, 252, 255, 250, 255, 255, 185, 14, 0, 0, 0, 6, 0, 8, 3, 1, 1, 1, 1, 1, 1, 1, 1, 1, 1, 1, 1, 1, 1, 1, 1, 1, 1, 1, 1, 1, 1, 1, 1, 1, 1, 1, 1, 1, 1, 1, 1, 1
1, 1, 1, 1, 1, 1, 1, 1, 1, 1, 1, 1, 1, 1, 1, 1, 1, 1, 1, 1, 1, 1, 1, 1, 1, 1, 1, 1, 1, 1, 1, 1, 6, 0, 0, 0, 3, 2, 0, 1, 0, 0, 0, 2, 0, 0, 2, 6, 0, 0, 0, 13, 0, 0, 32, 0, 1, 1, 1, 1, 1, 1, 1, 1, 2, 0, 2, 5, 0, 8, 16, 189, 255, 255, 255, 250, 255, 255, 252, 255, 255, 255, 255, 255, 255, 255, 255, 255, 255, 255, 255, 255, 255, 255, 255, 255, 250, 255, 250, 255, 249, 242, 255, 255, 60, 11, 0, 0, 9, 0, 3, 0, 1, 1, 1, 1, 1, 1, 1, 1, 1, 1, 1, 1, 1, 1, 1, 1, 1, 1, 1, 1, 1, 1, 1, 1, 1, 1, 1, 1, 1, 1, 1, 1, 1
1, 1, 1, 1, 1, 1, 1, 1, 1, 1, 1, 1, 1, 1, 1, 1, 1, 1, 1, 1, 1, 1, 1, 1, 1, 1, 1, 1, 1, 1, 1, 1, 0, 10, 15, 1, 0, 0, 4, 0, 13, 16, 43, 104, 171, 203, 191, 166, 149, 4, 0, 4, 0, 4, 0, 8, 1, 1, 1, 1, 1, 1, 1, 1, 2, 4, 0, 0, 17, 0, 149, 255, 255, 250, 250, 254, 252, 252, 255, 255, 255, 255, 255, 255, 255, 255, 255, 255, 255, 255, 255, 255, 255, 255, 255, 255, 255, 255, 243, 253, 255, 243, 255, 252, 91, 14, 2, 0, 10, 0, 0, 0, 1, 1, 1, 1, 1, 1, 1, 1, 1, 1, 1, 1, 1, 1, 1, 1, 1, 1, 1, 1, 1, 1, 1, 1, 1, 1, 1, 1, 1, 1, 1, 1, 1
1, 1, 1, 1, 1, 1, 1, 1, 1, 1, 1, 1, 1, 1, 1, 1, 1, 1, 1, 1, 1, 1, 1, 1, 1, 1, 1, 1, 1, 1, 1, 1, 3, 0, 0, 3, 2, 0, 6, 42, 162, 206, 255, 255, 255, 243, 253, 255, 243, 230, 77, 0, 0, 0, 4, 0, 1, 1, 1, 1, 1, 1, 1, 1, 5, 8, 0, 0, 12, 28, 243, 255, 250, 249, 255, 255, 249, 252, 255, 252, 255, 255, 255, 255, 255, 255, 255, 255, 255, 255, 255, 255, 255, 255, 255, 255, 250, 255, 245, 248, 255, 255, 253, 247, 86, 0, 0, 0, 6, 0, 0, 6, 1, 1, 1, 1, 1, 1, 1, 1, 1, 1, 1, 1, 1, 1, 1, 1, 1, 1, 1, 1, 1, 1, 1, 1, 1, 1, 1, 1, 1, 1, 1, 1, 1
1, 1, 1, 1, 1, 1, 1, 1, 1, 1, 1, 1, 1, 1, 1, 1, 1, 1, 1, 1, 1, 1, 1, 1, 1, 1, 1, 1, 1, 1, 1, 1, 3, 5, 14, 13, 2, 32, 144, 255, 254, 250, 250, 255, 255, 255, 255, 249, 250, 255, 242, 80, 0, 24, 0, 0, 1, 1, 1, 1, 1, 1, 1, 1, 1, 0, 6, 0, 0, 126, 255, 247, 255, 254, 255, 255, 253, 255, 255, 246, 255, 255, 255, 255, 255, 255, 255, 255, 255, 255, 255, 255, 255, 255, 255, 255, 248, 255, 255, 250, 255, 255, 254, 255, 94, 0, 4, 2, 3, 0, 0, 2, 1, 1, 1, 1, 1, 1, 1, 1, 1, 1, 1, 1, 1, 1, 1, 1, 1, 1, 1, 1, 1, 1, 1, 1, 1, 1, 1, 1, 1, 1, 1, 1, 1
1, 1, 1, 1, 1, 1, 1, 1, 1, 1, 1, 1, 1, 1, 1, 1, 1, 1, 1, 1, 1, 1, 1, 1, 1, 1, 1, 1, 1, 1, 1, 1, 0, 2, 0, 0, 80, 215, 255, 247, 255, 255, 253, 249, 247, 250, 255, 255, 252, 241, 242, 248, 41, 0, 4, 8, 1, 1, 1, 1, 1, 1, 1, 1, 0, 0, 6, 5, 0, 197, 255, 253, 255, 250, 248, 250, 255, 255, 255, 255, 255, 255, 255, 255, 255, 255, 255, 255, 255, 255, 255, 255, 255, 255, 255, 255, 255, 254, 255, 255, 250, 250, 249, 255, 109, 2, 12, 3, 2, 3, 0, 0, 1, 1, 1, 1, 1, 1, 1, 1, 1, 1, 1, 1, 1, 1, 1, 1, 1, 1, 1, 1, 1, 1, 1, 1, 1, 1, 1, 1, 1, 1, 1, 1, 1
1, 1, 1, 1, 1, 1, 1, 1, 1, 1, 1, 1, 1, 1, 1, 1, 1, 1, 1, 1, 1, 1, 1, 1, 1, 1, 1, 1, 1, 1, 1, 1, 0, 2, 79, 202, 255, 254, 243, 255, 252, 255, 255, 255, 255, 254, 253, 253, 255, 250, 255, 255, 48, 12, 0, 0, 1, 1, 1, 1, 1, 1, 1, 1, 2, 7, 0, 0, 17, 198, 250, 253, 255, 253, 252, 255, 255, 243, 243, 255, 255, 255, 255, 255, 255, 255, 255, 255, 255, 255, 255, 255, 255, 255, 255, 255, 255, 241, 249, 255, 255, 255, 253, 255, 104, 0, 3, 0, 0, 9, 4, 0, 1, 1, 1, 1, 1, 1, 1, 1, 1, 1, 1, 1, 1, 1, 1, 1, 1, 1, 1, 1, 1, 1, 1, 1, 1, 1, 1, 1, 1, 1, 1, 1, 1
1, 1, 1, 1, 1, 1, 1, 1, 1, 1, 1, 1, 1, 1, 1, 1, 1, 1, 1, 1, 1, 1, 1, 1, 0, 15, 0, 0, 19, 0, 10, 0, 0, 113, 229, 255, 250, 250, 255, 253, 255, 255, 255, 255, 255, 255, 255, 255, 255, 248, 247, 255, 195, 0, 17, 0, 5, 3, 0, 0, 8, 2, 0, 0, 0, 17, 0, 0, 24, 252, 237, 255, 255, 255, 255, 255, 255, 255, 255, 255, 255, 255, 255, 255, 255, 255, 255, 255, 255, 255, 255, 255, 255, 255, 255, 255, 252, 255, 253, 255, 252, 245, 255, 252, 77, 14, 0, 10, 0, 0, 8, 0, 1, 1, 1, 1, 1, 1, 1, 1, 1, 1, 1, 1, 1, 1, 1, 1, 1, 1, 1, 1, 1, 1, 1, 1, 1, 1, 1, 1, 1, 1, 1, 1, 1
1, 1, 1, 1, 1, 1, 1, 1, 1, 1, 1, 1, 1, 1, 1, 1, 1, 1, 1, 1, 1, 1, 1, 1, 0, 0, 0, 4, 0, 32, 0, 18, 186, 231, 255, 255, 252, 255, 255, 255, 255, 255, 255, 255, 255, 255, 255, 255, 255, 255, 254, 255, 226, 68, 0, 0, 0, 3, 0, 0, 6, 1, 0, 4, 0, 0, 1, 0, 11, 207, 255, 255, 255, 255, 255, 255, 255, 255, 255, 255, 255, 255, 255, 255, 255, 255, 255, 255, 255, 255, 255, 255, 255, 255, 255, 255, 255, 255, 250, 248, 255, 253, 247, 255, 48, 0, 0, 6, 0, 0, 9, 0, 1, 1, 1, 1, 1, 1, 1, 1, 1, 1, 1, 1, 1, 1, 1, 1, 1, 1, 1, 1, 1, 1, 1, 1, 1, 1, 1, 1, 1, 1, 1, 1, 1
1, 1, 1, 1, 1, 1, 1, 1, 1, 1, 1, 1, 1, 1, 1, 1, 1, 1, 1, 1, 1, 1, 1, 1, 0, 0, 14, 0, 2, 0, 0, 163, 255, 255, 255, 248, 250, 255, 254, 243, 255, 255, 255, 255, 255, 255, 255, 255, 255, 255, 255, 250, 255, 182, 0, 7, 0, 7, 4, 0, 0, 0, 0, 2, 0, 0, 30, 1, 0, 154, 255, 240, 255, 255, 255, 255, 255, 255, 255, 255, 255, 255, 255, 255, 255, 255, 255, 255, 255, 255, 255, 255, 255, 255, 255, 255, 253, 255, 250, 247, 255, 255, 243, 243, 19, 0, 0, 5, 0, 0, 8, 0, 1, 1, 1, 1, 1, 1, 1, 1, 1, 1, 1, 1, 1, 1, 1, 1, 1, 1, 1, 1, 1, 1, 1, 1, 1, 1, 1, 1, 1, 1, 1, 1, 1
1, 1, 1, 1, 1, 1, 1, 1, 1, 1, 1, 1, 1, 1, 1, 1, 1, 1, 1, 1, 1, 1, 1, 1, 3, 0, 11, 0, 6, 0, 125, 255, 243, 247, 254, 255, 255, 255, 254, 255, 255, 255, 255, 255, 255, 255, 255, 255, 250, 255, 253, 249, 255, 248, 24, 6, 0, 7, 2, 0, 1, 1, 0, 2, 17, 0, 0, 0, 0, 73, 234, 255, 255, 255, 255, 255, 255, 255, 255, 255, 255, 255, 255, 255, 255, 255, 255, 255, 255, 255, 255, 255, 255, 255, 255, 255, 250, 255, 250, 255, 255, 255, 250, 179, 8, 0, 6, 6, 0, 2, 6, 0, 1, 1, 1, 1, 1, 1, 1, 1, 1, 1, 1, 1, 1, 1, 1, 1, 1, 1, 1, 1, 1, 1, 1, 1, 1, 1, 1, 1, 1, 1, 1, 1, 1
1, 1, 1, 1, 1, 1, 1, 1, 1, 1, 1, 1, 1, 1, 1, 1, 1, 1, 1, 1, 1, 1, 1, 1, 0, 3, 0, 9, 16, 159, 250, 247, 255, 255, 255, 255, 255, 246, 250, 255, 255, 255, 255, 255, 255, 255, 255, 255, 255, 255, 250, 255, 246, 255, 88, 0, 0, 1, 0, 0, 9, 5, 0, 0, 0, 42, 21, 0, 9, 131, 255, 255, 255, 255, 255, 255, 255, 255, 255, 255, 255, 255, 255, 255, 255, 255, 255, 255, 255, 255, 255, 255, 255, 255, 255, 255, 254, 255, 248, 255, 239, 249, 255, 110, 3, 5, 8, 2, 0, 2, 4, 0, 1, 1, 1, 1, 1, 1, 1, 1, 1, 1, 1, 1, 1, 1, 1, 1, 1, 1, 1, 1, 1, 1, 1, 1, 1, 1, 1, 1, 1, 1, 1, 1, 1
1, 1, 1, 1, 1, 1, 1, 1, 1, 1, 1, 1, 1, 1, 1, 1, 1, 1, 1, 1, 1, 1, 1, 1, 0, 7, 0, 0, 128, 255, 249, 255, 255, 250, 245, 249, 250, 247, 248, 254, 255, 255, 255, 255, 255, 255, 255, 255, 255, 255, 254, 255, 246, 255, 173, 15, 0, 0, 0, 1, 2, 0, 0, 19, 188, 255, 177, 65, 56, 192, 255, 243, 255, 255, 255, 255, 255, 255, 255, 255, 255, 255, 255, 255, 255, 255, 255, 255, 255, 255, 255, 255, 255, 255, 255, 255, 253, 255, 245, 255, 239, 255, 255, 91, 0, 1, 1, 0, 0, 1, 2, 2, 1, 1, 1, 1, 1, 1, 1, 1, 1, 1, 1, 1, 1, 1, 1, 1, 1, 1, 1, 1, 1, 1, 1, 1, 1, 1, 1, 1, 1, 1, 1, 1, 1
1, 1, 1, 1, 1, 1, 1, 1, 1, 1, 1, 1, 1, 1, 1, 1, 1, 1, 1, 1, 1, 1, 1, 1, 0, 8, 0, 49, 242, 247, 234, 255, 254, 249, 249, 255, 255, 255, 255, 255, 255, 255, 255, 255, 255, 255, 255, 255, 255, 252, 255, 255, 255, 255, 221, 26, 2, 1, 0, 0, 0, 0, 48, 126, 246, 255, 250, 255, 255, 255, 253, 255, 255, 255, 255, 255, 255, 255, 255, 255, 255, 255, 255, 255, 255, 255, 255, 255, 255, 255, 255, 255, 255, 255, 255, 255, 254, 250, 252, 254, 255, 255, 209, 65, 0, 0, 0, 0, 4, 1, 0, 5, 1, 1, 1, 1, 1, 1, 1, 1, 1, 1, 1, 1, 1, 1, 1, 1, 1, 1, 1, 1, 1, 1, 1, 1, 1, 1, 1, 1, 1, 1, 1, 1, 1
1, 1, 1, 1, 1, 1, 1, 1, 1, 1, 1, 1, 1, 1, 1, 1, 1, 1, 1, 1, 1, 1, 1, 1, 3, 0, 0, 177, 247, 249, 255, 233, 255, 255, 255, 255, 250, 250, 250, 254, 255, 255, 255, 255, 255, 255, 255, 255, 255, 248, 255, 235, 255, 255, 214, 6, 0, 0, 0, 0, 0, 26, 137, 255, 255, 254, 255, 250, 250, 255, 255, 249, 255, 255, 255, 255, 255, 255, 255, 255, 255, 255, 255, 255, 255, 255, 255, 255, 255, 255, 255, 255, 255, 255, 255, 255, 255, 250, 255, 243, 255, 255, 113, 12, 3, 3, 0, 2, 11, 2, 0, 5, 1, 1, 1, 1, 1, 1, 1, 1, 1, 1, 1, 1, 1, 1, 1, 1, 1, 1, 1, 1, 1, 1, 1, 1, 1, 1, 1, 1, 1, 1, 1, 1, 1
1, 1, 1, 1, 1, 1, 1, 1, 1, 1, 1, 1, 1, 1, 1, 1, 1, 1, 1, 1, 1, 1, 1, 1, 0, 0, 70, 245, 255, 255, 254, 250, 255, 255, 255, 255, 255, 255, 255, 255, 255, 255, 255, 255, 255, 255, 255, 255, 255, 253, 253, 255, 255, 255, 182, 9, 7, 0, 0, 0, 65, 202, 255, 248, 249, 255, 250, 255, 125, 102, 161, 246, 252, 253, 243, 252, 255, 255, 245, 255, 255, 255, 254, 254, 255, 255, 255, 254, 255, 250, 253, 255, 252, 255, 255, 249, 254, 249, 255, 246, 255, 180, 10, 0, 1, 1, 1, 1, 1, 1, 1, 1, 1, 1, 1, 1, 1, 1, 1, 1, 1, 1, 1, 1, 1, 1, 1, 1, 1, 1, 1, 1, 1, 1, 1, 1, 1, 1, 1, 1, 1, 1, 1, 1, 1
1, 1, 1, 1, 1, 1, 1, 1, 1, 1, 1, 1, 1, 1, 1, 1, 1, 1, 1, 1, 1, 1, 1, 1, 0, 0, 76, 249, 255, 255, 255, 253, 255, 255, 255, 255, 255, 255, 255, 255, 255, 255, 255, 255, 255, 255, 255, 255, 252, 255, 255, 255, 252, 253, 169, 0, 0, 0, 0, 87, 240, 255, 233, 255, 254, 255, 250, 239, 67, 0, 13, 71, 247, 255, 255, 247, 241, 246, 255, 255, 252, 248, 250, 255, 255, 255, 255, 255, 255, 255, 255, 255, 255, 255, 250, 248, 254, 255, 236, 255, 199, 21, 0, 3, 1, 1, 1, 1, 1, 1, 1, 1, 1, 1, 1, 1, 1, 1, 1, 1, 1, 1, 1, 1, 1, 1, 1, 1, 1, 1, 1, 1, 1, 1, 1, 1, 1, 1, 1, 1, 1, 1, 1, 1, 1
1, 1, 1, 1, 1, 1, 1, 1, 1, 1, 1, 1, 1, 1, 1, 1, 1, 1, 1, 1, 1, 1, 1, 1, 0, 3, 83, 254, 255, 255, 255, 255, 255, 255, 255, 255, 255, 255, 255, 255, 255, 255, 255, 255, 255, 255, 255, 255, 255, 255, 252, 254, 252, 243, 147, 0, 9, 26, 162, 255, 241, 248, 255, 245, 242, 255, 250, 249, 107, 0, 0, 13, 121, 192, 255, 255, 250, 255, 255, 247, 255, 255, 254, 254, 250, 243, 248, 255, 253, 255, 250, 248, 254, 253, 254, 255, 255, 255, 255, 172, 18, 0, 34, 0, 1, 1, 1, 1, 1, 1, 1, 1, 1, 1, 1, 1, 1, 1, 1, 1, 1, 1, 1, 1, 1, 1, 1, 1, 1, 1, 1, 1, 1, 1, 1, 1, 1, 1, 1, 1, 1, 1, 1, 1, 1
1, 1, 1, 1, 1, 1, 1, 1, 1, 1, 1, 1, 1, 1, 1, 1, 1, 1, 1, 1, 1, 1, 1, 1, 0, 5, 87, 255, 255, 254, 254, 255, 255, 255, 255, 255, 255, 255, 255, 255, 255, 255, 255, 255, 255, 255, 255, 255, 253, 250, 247, 255, 255, 255, 219, 113, 104, 218, 255, 247, 255, 255, 235, 255, 252, 254, 250, 255, 187, 14, 2, 1, 0, 60, 162, 207, 211, 242, 255, 255, 241, 248, 254, 255, 255, 255, 255, 243, 255, 255, 252, 250, 255, 255, 249, 255, 240, 233, 147, 18, 0, 7, 0, 15, 1, 1, 1, 1, 1, 1, 1, 1, 1, 1, 1, 1, 1, 1, 1, 1, 1, 1, 1, 1, 1, 1, 1, 1, 1, 1, 1, 1, 1, 1, 1, 1, 1, 1, 1, 1, 1, 1, 1, 1, 1
1, 1, 1, 1, 1, 1, 1, 1, 1, 1, 1, 1, 1, 1, 1, 1, 1, 1, 1, 1, 1, 1, 1, 1, 0, 5, 87, 255, 254, 252, 252, 255, 255, 255, 255, 255, 255, 255, 255, 255, 255, 255, 255, 255, 255, 255, 255, 255, 255, 255, 253, 255, 247, 248, 255, 252, 250, 247, 255, 255, 243, 253, 255, 250, 255, 243, 255, 254, 234, 22, 0, 0, 0, 0, 0, 0, 0, 58, 143, 184, 250, 252, 232, 208, 219, 255, 255, 254, 243, 250, 249, 250, 255, 255, 255, 246, 178, 67, 0, 16, 0, 0, 13, 0, 1, 1, 1, 1, 1, 1, 1, 1, 1, 1, 1, 1, 1, 1, 1, 1, 1, 1, 1, 1, 1, 1, 1, 1, 1, 1, 1, 1, 1, 1, 1, 1, 1, 1, 1, 1, 1, 1, 1, 1, 1
1, 1, 1, 1, 1, 1, 1, 1, 1, 1, 1, 1, 1, 1, 1, 1, 1, 1, 1, 1, 1, 1, 1, 1, 0, 4, 85, 255, 253, 252, 252, 255, 255, 255, 255, 255, 255, 255, 255, 255, 255, 255, 255, 255, 255, 255, 255, 255, 255, 255, 246, 255, 254, 243, 255, 245, 255, 254, 255, 255, 246, 248, 255, 255, 254, 242, 255, 255, 252, 58, 1, 12, 7, 0, 3, 11, 3, 0, 4, 10, 34, 32, 12, 0, 26, 95, 139, 143, 128, 125, 127, 131, 159, 224, 255, 255, 113, 0, 0, 0, 2, 8, 0, 0, 1, 1, 1, 1, 1, 1, 1, 1, 1, 1, 1, 1, 1, 1, 1, 1, 1, 1, 1, 1, 1, 1, 1, 1, 1, 1, 1, 1, 1, 1, 1, 1, 1, 1, 1, 1, 1, 1, 1, 1, 1
1, 1, 1, 1, 1, 1, 1, 1, 1, 1, 1, 1, 1, 1, 1, 1, 1, 1, 1, 1, 1, 1, 1, 1, 0, 3, 83, 254, 255, 255, 253, 255, 255, 255, 255, 255, 255, 255, 255, 255, 255, 255, 255, 255, 255, 255, 255, 255, 249, 253, 243, 255, 255, 255, 255, 245, 253, 255, 246, 238, 255, 255, 250, 243, 254, 255, 255, 255, 245, 119, 0, 0, 0, 0, 0, 0, 4, 0, 0, 0, 0, 3, 5, 1, 3, 9, 7, 0, 2, 0, 0, 0, 22, 146, 250, 255, 203, 14, 3, 16, 0, 0, 0, 13, 1, 1, 1, 1, 1, 1, 1, 1, 1, 1, 1, 1, 1, 1, 1, 1, 1, 1, 1, 1, 1, 1, 1, 1, 1, 1, 1, 1, 1, 1, 1, 1, 1, 1, 1, 1, 1, 1, 1, 1, 1
1, 1, 1, 1, 1, 1, 1, 1, 1, 1, 1, 1, 1, 1, 1, 1, 1, 1, 1, 1, 1, 1, 1, 1, 0, 3, 82, 254, 255, 255, 255, 255, 255, 255, 255, 255, 255, 255, 255, 255, 255, 255, 255, 255, 255, 255, 255, 255, 242, 255, 255, 233, 209, 215, 253, 255, 254, 247, 255, 255, 252, 239, 250, 255, 249, 255, 243, 255, 250, 199, 14, 0, 0, 9, 0, 0, 11, 5, 0, 3, 2, 0, 1, 5, 0, 0, 0, 5, 0, 0, 6, 0, 8, 140, 255, 254, 253, 174, 9, 0, 18, 0, 9, 0, 1, 1, 1, 1, 1, 1, 1, 1, 1, 1, 1, 1, 1, 1, 1, 1, 1, 1, 1, 1, 1, 1, 1, 1, 1, 1, 1, 1, 1, 1, 1, 1, 1, 1, 1, 1, 1, 1, 1, 1, 1
1, 1, 1, 1, 1, 1, 1, 1, 1, 1, 1, 1, 1, 1, 1, 1, 1, 1, 1, 1, 1, 1, 1, 1, 4, 0, 97, 254, 255, 255, 255, 255, 255, 255, 255, 255, 255, 255, 255, 255, 250, 255, 255, 255, 255, 250, 241, 255, 248, 255, 255, 139, 18, 0, 186, 255, 254, 255, 248, 255, 250, 255, 241, 255, 253, 255, 255, 243, 255, 246, 28, 2, 1, 1, 1, 1, 1, 1, 1, 1, 0, 7, 6, 1, 2, 0, 0, 5, 0, 6, 0, 0, 110, 255, 255, 247, 248, 254, 165, 8, 4, 0, 0, 8, 1, 1, 1, 1, 1, 1, 1, 1, 1, 1, 1, 1, 1, 1, 1, 1, 1, 1, 1, 1, 1, 1, 1, 1, 1, 1, 1, 1, 1, 1, 1, 1, 1, 1, 1, 1, 1, 1, 1, 1, 1
1, 1, 1, 1, 1, 1, 1, 1, 1, 1, 1, 1, 1, 1, 1, 1, 1, 1, 1, 1, 1, 1, 1, 1, 4, 0, 44, 255, 246, 253, 255, 255, 255, 255, 255, 255, 255, 255, 255, 255, 252, 255, 255, 252, 255, 255, 255, 255, 255, 253, 173, 12, 0, 4, 67, 247, 255, 243, 255, 243, 255, 243, 255, 255, 255, 255, 254, 250, 255, 255, 126, 12, 1, 1, 1, 1, 1, 1, 1, 1, 0, 0, 4, 0, 0, 11, 12, 0, 0, 12, 0, 126, 255, 240, 245, 255, 255, 249, 243, 70, 0, 0, 7, 0, 1, 1, 1, 1, 1, 1, 1, 1, 1, 1, 1, 1, 1, 1, 1, 1, 1, 1, 1, 1, 1, 1, 1, 1, 1, 1, 1, 1, 1, 1, 1, 1, 1, 1, 1, 1, 1, 1, 1, 1, 1
1, 1, 1, 1, 1, 1, 1, 1, 1, 1, 1, 1, 1, 1, 1, 1, 1, 1, 1, 1, 1, 1, 1, 1, 4, 5, 0, 209, 252, 243, 255, 252, 255, 255, 255, 255, 255, 255, 255, 255, 255, 246, 247, 255, 255, 255, 253, 245, 250, 249, 65, 0, 9, 4, 0, 107, 250, 255, 249, 254, 255, 255, 249, 255, 254, 255, 250, 255, 255, 255, 223, 8, 1, 1, 1, 1, 1, 1, 1, 1, 9, 0, 0, 6, 0, 0, 8, 6, 0, 0, 140, 255, 255, 249, 255, 249, 255, 253, 255, 187, 15, 0, 8, 0, 1, 1, 1, 1, 1, 1, 1, 1, 1, 1, 1, 1, 1, 1, 1, 1, 1, 1, 1, 1, 1, 1, 1, 1, 1, 1, 1, 1, 1, 1, 1, 1, 1, 1, 1, 1, 1, 1, 1, 1, 1
1, 1, 1, 1, 1, 1, 1, 1, 1, 1, 1, 1, 1, 1, 1, 1, 1, 1, 1, 1, 1, 1, 1, 1, 2, 1, 0, 110, 255, 243, 255, 249, 255, 255, 255, 255, 255, 255, 255, 255, 255, 242, 250, 255, 249, 247, 255, 255, 255, 175, 0, 0, 0, 1, 0, 7, 143, 255, 255, 250, 250, 255, 232, 255, 250, 250, 255, 255, 254, 250, 253, 3, 1, 1, 1, 1, 1, 1, 1, 1, 7, 0, 0, 2, 2, 0, 0, 5, 0, 124, 255, 255, 241, 255, 243, 255, 252, 250, 255, 255, 131, 6, 7, 3, 1, 1, 1, 1, 1, 1, 1, 1, 1, 1, 1, 1, 1, 1, 1, 1, 1, 1, 1, 1, 1, 1, 1, 1, 1, 1, 1, 1, 1, 1, 1, 1, 1, 1, 1, 1, 1, 1, 1, 1, 1
1, 1, 1, 1, 1, 1, 1, 1, 1, 1, 1, 1, 1, 1, 1, 1, 1, 1, 1, 1, 1, 1, 1, 1, 0, 2, 3, 22, 242, 255, 254, 253, 255, 255, 255, 255, 255, 255, 255, 255, 254, 255, 255, 255, 243, 255, 255, 246, 174, 28, 0, 0, 0, 15, 7, 0, 3, 150, 255, 242, 254, 242, 255, 254, 252, 249, 255, 250, 255, 249, 248, 35, 1, 1, 1, 1, 1, 1, 1, 1, 0, 16, 0, 0, 16, 12, 0, 0, 118, 246, 252, 246, 255, 252, 255, 250, 255, 242, 255, 255, 255, 80, 0, 4, 1, 1, 1, 1, 1, 1, 1, 1, 1, 1, 1, 1, 1, 1, 1, 1, 1, 1, 1, 1, 1, 1, 1, 1, 1, 1, 1, 1, 1, 1, 1, 1, 1, 1, 1, 1, 1, 1, 1, 1, 1
1, 1, 1, 1, 1, 1, 1, 1, 1, 1, 1, 1, 1, 1, 1, 1, 1, 1, 1, 1, 1, 1, 1, 1, 0, 8, 2, 0, 151, 255, 238, 255, 255, 255, 255, 255, 255, 255, 255, 255, 252, 255, 255, 249, 255, 255, 207, 107, 19, 0, 4, 16, 7, 0, 4, 0, 0, 12, 149, 255, 255, 243, 255, 252, 255, 253, 255, 243, 255, 254, 250, 83, 1, 1, 1, 1, 1, 1, 1, 1, 0, 10, 0, 0, 3, 0, 11, 109, 243, 255, 255, 253, 253, 255, 255, 250, 255, 252, 255, 250, 255, 213, 0, 0, 1, 1, 1, 1, 1, 1, 1, 1, 1, 1, 1, 1, 1, 1, 1, 1, 1, 1, 1, 1, 1, 1, 1, 1, 1, 1, 1, 1, 1, 1, 1, 1, 1, 1, 1, 1, 1, 1, 1, 1, 1
1, 1, 1, 1, 1, 1, 1, 1, 1, 1, 1, 1, 1, 1, 1, 1, 1, 1, 1, 1, 1, 1, 1, 1, 0, 2, 0, 0, 48, 247, 240, 255, 255, 255, 255, 255, 255, 255, 255, 255, 255, 253, 246, 255, 250, 184, 72, 0, 0, 11, 0, 2, 9, 0, 13, 1, 24, 0, 16, 193, 247, 255, 240, 254, 255, 255, 250, 250, 255, 253, 255, 91, 1, 1, 1, 1, 1, 1, 1, 1, 11, 0, 0, 7, 0, 4, 113, 242, 252, 255, 255, 226, 255, 255, 218, 255, 250, 255, 245, 255, 231, 255, 81, 2, 1, 1, 1, 1, 1, 1, 1, 1, 1, 1, 1, 1, 1, 1, 1, 1, 1, 1, 1, 1, 1, 1, 1, 1, 1, 1, 1, 1, 1, 1, 1, 1, 1, 1, 1, 1, 1, 1, 1, 1, 1
1, 1, 1, 1, 1, 1, 1, 1, 1, 1, 1, 1, 1, 1, 1, 1, 1, 1, 1, 1, 1, 1, 1, 1, 10, 0, 3, 8, 0, 204, 255, 255, 255, 255, 255, 255, 255, 255, 255, 255, 255, 249, 255, 255, 193, 43, 0, 11, 0, 4, 14, 0, 0, 16, 0, 3, 0, 14, 3, 36, 206, 255, 254, 255, 250, 255, 243, 255, 253, 245, 255, 68, 1, 1, 1, 1, 1, 1, 1, 1, 0, 0, 12, 0, 0, 113, 242, 255, 255, 242, 240, 255, 253, 243, 255, 250, 255, 254, 252, 255, 255, 252, 211, 16, 1, 1, 1, 1, 1, 1, 1, 1, 1, 1, 1, 1, 1, 1, 1, 1, 1, 1, 1, 1, 1, 1, 1, 1, 1, 1, 1, 1, 1, 1, 1, 1, 1, 1, 1, 1, 1, 1, 1, 1, 1
1, 1, 1, 1, 1, 1, 1, 1, 1, 1, 1, 1, 1, 1, 1, 1, 1, 1, 1, 1, 1, 1, 1, 1, 4, 0, 3, 3, 0, 107, 255, 247, 255, 255, 230, 255, 248, 255, 253, 248, 247, 255, 248, 143, 32, 0, 0, 6, 1, 1, 1, 1, 1, 1, 1, 1, 0, 7, 2, 0, 96, 243, 255, 240, 254, 255, 255, 240, 255, 248, 242, 146, 0, 2, 12, 0, 0, 15, 0, 0, 0, 0, 8, 0, 82, 255, 255, 247, 255, 255, 255, 255, 255, 255, 255, 255, 255, 248, 255, 255, 238, 255, 240, 134, 0, 9, 0, 5, 4, 0, 0, 0, 1, 1, 1, 1, 1, 1, 1, 1, 1, 1, 1, 1, 1, 1, 1, 1, 1, 1, 1, 1, 1, 1, 1, 1, 1, 1, 1, 1, 1, 1, 1, 1, 1
1, 1, 1, 1, 1, 1, 1, 1, 1, 1, 1, 1, 1, 1, 1, 1, 1, 1, 1, 1, 1, 1, 1, 1, 0, 0, 0, 8, 0, 26, 180, 255, 249, 240, 255, 243, 243, 255, 255, 255, 255, 227, 128, 24, 0, 17, 16, 0, 1, 1, 1, 1, 1, 1, 1, 1, 0, 0, 7, 0, 12, 88, 191, 255, 253, 241, 255, 255, 242, 247, 255, 180, 14, 0, 0, 13, 18, 0, 6, 0, 0, 8, 0, 47, 236, 247, 243, 255, 255, 255, 255, 255, 255, 255, 255, 255, 255, 242, 255, 255, 246, 255, 255, 214, 15, 0, 0, 0, 3, 0, 1, 5, 1, 1, 1, 1, 1, 1, 1, 1, 1, 1, 1, 1, 1, 1, 1, 1, 1, 1, 1, 1, 1, 1, 1, 1, 1, 1, 1, 1, 1, 1, 1, 1, 1
1, 1, 1, 1, 1, 1, 1, 1, 1, 1, 1, 1, 1, 1, 1, 1, 1, 1, 1, 1, 1, 1, 1, 1, 0, 0, 0, 6, 6, 0, 63, 190, 247, 255, 242, 255, 246, 255, 253, 238, 181, 85, 4, 0, 0, 0, 0, 9, 1, 1, 1, 1, 1, 1, 1, 1, 8, 0, 5, 7, 0, 0, 70, 193, 255, 255, 249, 243, 255, 255, 255, 248, 73, 5, 0, 0, 0, 0, 14, 0, 4, 0, 36, 217, 255, 255, 239, 255, 255, 255, 255, 255, 255, 255, 255, 255, 255, 246, 249, 255, 250, 254, 255, 255, 81, 0, 2, 0, 6, 0, 2, 2, 1, 1, 1, 1, 1, 1, 1, 1, 1, 1, 1, 1, 1, 1, 1, 1, 1, 1, 1, 1, 1, 1, 1, 1, 1, 1, 1, 1, 1, 1, 1, 1, 1
1, 1, 1, 1, 1, 1, 1, 1, 1, 1, 1, 1, 1, 1, 1, 1, 1, 1, 1, 1, 1, 1, 1, 1, 0, 7, 0, 0, 16, 0, 0, 42, 99, 219, 233, 255, 250, 236, 157, 48, 11, 7, 1, 0, 0, 0, 0, 5, 1, 1, 1, 1, 1, 1, 1, 1, 6, 0, 3, 9, 4, 0, 0, 35, 211, 247, 255, 255, 253, 254, 255, 255, 137, 12, 0, 0, 1, 11, 0, 0, 0, 0, 184, 255, 248, 250, 255, 241, 255, 255, 255, 255, 255, 255, 255, 255, 255, 255, 255, 255, 255, 243, 243, 255, 151, 1, 9, 0, 7, 0, 2, 0, 1, 1, 1, 1, 1, 1, 1, 1, 1, 1, 1, 1, 1, 1, 1, 1, 1, 1, 1, 1, 1, 1, 1, 1, 1, 1, 1, 1, 1, 1, 1, 1, 1
1, 1, 1, 1, 1, 1, 1, 1, 1, 1, 1, 1, 1, 1, 1, 1, 1, 1, 1, 1, 1, 1, 1, 1, 0, 7, 8, 0, 0, 2, 0, 0, 0, 52, 255, 242, 255, 126, 8, 0, 0, 0, 6, 0, 0, 6, 7, 0, 1, 1, 1, 1, 1, 1, 1, 1, 0, 0, 7, 0, 0, 10, 0, 0, 52, 199, 255, 252, 255, 253, 235, 255, 234, 96, 2, 9, 2, 5, 0, 11, 0, 121, 255, 250, 250, 255, 255, 255, 255, 255, 255, 255, 255, 255, 255, 255, 250, 255, 255, 255, 255, 255, 250, 255, 195, 10, 0, 0, 5, 0, 4, 0, 1, 1, 1, 1, 1, 1, 1, 1, 1, 1, 1, 1, 1, 1, 1, 1, 1, 1, 1, 1, 1, 1, 1, 1, 1, 1, 1, 1, 1, 1, 1, 1, 1
1, 1, 1, 1, 1, 1, 1, 1, 1, 1, 1, 1, 1, 1, 1, 1, 1, 1, 1, 1, 1, 1, 1, 1, 4, 0, 9, 4, 0, 2, 0, 0, 0, 62, 247, 254, 229, 22, 0, 26, 15, 0, 0, 6, 8, 0, 0, 7, 1, 1, 1, 1, 1, 1, 1, 1, 1, 0, 4, 0, 0, 3, 0, 5, 0, 26, 191, 255, 243, 252, 255, 240, 255, 237, 82, 2, 0, 0, 15, 0, 79, 255, 246, 255, 253, 255, 246, 255, 255, 255, 255, 255, 255, 255, 255, 255, 252, 255, 255, 250, 255, 255, 255, 255, 237, 46, 0, 0, 5, 0, 3, 0, 1, 1, 1, 1, 1, 1, 1, 1, 1, 1, 1, 1, 1, 1, 1, 1, 1, 1, 1, 1, 1, 1, 1, 1, 1, 1, 1, 1, 1, 1, 1, 1, 1
1, 1, 1, 1, 1, 1, 1, 1, 1, 1, 1, 1, 1, 1, 1, 1, 1, 1, 1, 1, 1, 1, 1, 1, 5, 0, 4, 4, 6, 6, 0, 17, 46, 209, 255, 255, 191, 14, 18, 0, 0, 13, 15, 0, 0, 10, 11, 0, 1, 1, 1, 1, 1, 1, 1, 1, 8, 0, 2, 0, 1, 4, 0, 0, 1, 0, 56, 142, 252, 255, 252, 255, 236, 255, 206, 14, 9, 0, 6, 17, 211, 255, 255, 246, 255, 227, 255, 240, 255, 255, 255, 255, 255, 255, 255, 255, 255, 255, 254, 253, 252, 250, 252, 253, 255, 85, 0, 6, 7, 0, 2, 0, 1, 1, 1, 1, 1, 1, 1, 1, 1, 1, 1, 1, 1, 1, 1, 1, 1, 1, 1, 1, 1, 1, 1, 1, 1, 1, 1, 1, 1, 1, 1, 1, 1
1, 1, 1, 1, 1, 1, 1, 1, 1, 1, 1, 1, 1, 1, 1, 1, 1, 1, 1, 1, 1, 1, 1, 1, 0, 5, 14, 0, 0, 4, 8, 77, 246, 255, 252, 248, 223, 0, 0, 4, 9, 0, 0, 5, 5, 0, 0, 5, 1, 1, 1, 1, 1, 1, 1, 1, 0, 0, 10, 0, 0, 5, 0, 8, 2, 6, 0, 0, 181, 255, 249, 255, 255, 237, 252, 0, 9, 0, 2, 178, 255, 250, 243, 255, 252, 255, 253, 255, 255, 255, 255, 255, 255, 255, 255, 255, 255, 247, 254, 255, 255, 250, 255, 255, 253, 93, 0, 5, 6, 0, 7, 2, 1, 1, 1, 1, 1, 1, 1, 1, 1, 1, 1, 1, 1, 1, 1, 1, 1, 1, 1, 1, 1, 1, 1, 1, 1, 1, 1, 1, 1, 1, 1, 1, 1
1, 1, 1, 1, 1, 1, 1, 1, 2, 3, 2, 0, 0, 3, 4, 2, 0, 7, 0, 0, 9, 14, 0, 0, 0, 0, 7, 22, 56, 120, 198, 253, 255, 252, 253, 250, 255, 62, 4, 0, 1, 1, 1, 1, 1, 1, 1, 1, 1, 1, 1, 1, 1, 1, 1, 1, 1, 1, 1, 1, 1, 1, 1, 1, 0, 0, 7, 0, 10, 145, 255, 255, 255, 242, 255, 85, 0, 26, 175, 253, 255, 255, 255, 255, 255, 255, 255, 255, 255, 255, 255, 255, 255, 255, 255, 255, 255, 255, 255, 255, 255, 255, 255, 255, 240, 110, 7, 0, 0, 11, 0, 3, 1, 1, 1, 1, 1, 1, 1, 1, 1, 1, 1, 1, 1, 1, 1, 1, 1, 1, 1, 1, 1, 1, 1, 1, 1, 1, 1, 1, 1, 1, 1, 1, 1
1, 1, 1, 1, 1, 1, 1, 1, 0, 0, 1, 1, 1, 2, 2, 1, 3, 0, 3, 0, 0, 0, 2, 14, 46, 96, 168, 226, 255, 255, 255, 255, 250, 255, 250, 249, 250, 69, 4, 0, 1, 1, 1, 1, 1, 1, 1, 1, 1, 1, 1, 1, 1, 1, 1, 1, 1, 1, 1, 1, 1, 1, 1, 1, 7, 0, 0, 16, 0, 20, 129, 243, 255, 246, 255, 203, 203, 218, 252, 252, 255, 255, 255, 255, 255, 255, 255, 255, 255, 255, 255, 255, 255, 255, 255, 255, 255, 255, 255, 255, 255, 255, 255, 255, 255, 159, 0, 0, 15, 0, 7, 0, 1, 1, 1, 1, 1, 1, 1, 1, 1, 1, 1, 1, 1, 1, 1, 1, 1, 1, 1, 1, 1, 1, 1, 1, 1, 1, 1, 1, 1, 1, 1, 1, 1
1, 1, 1, 1, 1, 1, 1, 1, 0, 0, 0, 0, 0, 0, 0, 0, 4, 5, 0, 8, 17, 0, 35, 166, 245, 252, 255, 255, 250, 246, 248, 252, 248, 255, 250, 249, 248, 73, 4, 2, 1, 1, 1, 1, 1, 1, 1, 1, 1, 1, 1, 1, 1, 1, 1, 1, 1, 1, 1, 1, 1, 1, 1, 1, 0, 0, 0, 8, 0, 0, 13, 104, 253, 255, 246, 241, 255, 255, 252, 255, 255, 255, 255, 255, 255, 255, 255, 255, 255, 255, 255, 255, 255, 255, 255, 255, 255, 255, 255, 255, 255, 255, 255, 255, 255, 229, 0, 16, 0, 0, 1, 0, 1, 1, 1, 1, 1, 1, 1, 1, 1, 1, 1, 1, 1, 1, 1, 1, 1, 1, 1, 1, 1, 1, 1, 1, 1, 1, 1, 1, 1, 1, 1, 1, 1
1, 1, 1, 1, 1, 1, 1, 1, 3, 0, 0, 1, 5, 4, 2, 1, 0, 0, 7, 0, 4, 115, 230, 255, 239, 246, 255, 255, 255, 255, 255, 255, 253, 255, 255, 253, 255, 68, 4, 1, 1, 1, 1, 1, 1, 1, 1, 1, 1, 1, 1, 1, 1, 1, 1, 1, 1, 1, 1, 1, 1, 1, 1, 1, 0, 8, 1, 0, 6, 8, 0, 0, 125, 253, 250, 255, 255, 241, 242, 255, 255, 255, 255, 255, 255, 255, 255, 255, 255, 255, 255, 255, 255, 255, 255, 255, 255, 255, 255, 255, 255, 255, 255, 255, 246, 255, 62, 15, 0, 9, 0, 0, 1, 1, 1, 1, 1, 1, 1, 1, 1, 1, 1, 1, 1, 1, 1, 1, 1, 1, 1, 1, 1, 1, 1, 1, 1, 1, 1, 1, 1, 1, 1, 1, 1
1, 1, 1, 1, 1, 1, 1, 1, 0, 0, 0, 4, 6, 1, 0, 0, 12, 13, 0, 65, 206, 255, 246, 255, 255, 255, 255, 252, 249, 250, 252, 254, 255, 245, 255, 255, 255, 49, 5, 0, 1, 1, 1, 1, 1, 1, 1, 1, 1, 1, 1, 1, 1, 1, 1, 1, 1, 1, 1, 1, 1, 1, 1, 1, 6, 0, 0, 5, 0, 6, 10, 0, 56, 242, 252, 255, 255, 255, 253, 255, 255, 255, 255, 255, 255, 255, 255, 255, 255, 255, 255, 255, 255, 255, 255, 255, 255, 255, 255, 255, 255, 255, 255, 255, 250, 255, 201, 0, 2, 0, 10, 2, 1, 1, 1, 1, 1, 1, 1, 1, 1, 1, 1, 1, 1, 1, 1, 1, 1, 1, 1, 1, 1, 1, 1, 1, 1, 1, 1, 1, 1, 1, 1, 1, 1
1, 1, 1, 1, 1, 1, 1, 1, 2, 0, 0, 1, 0, 0, 0, 12, 68, 139, 223, 248, 238, 255, 255, 239, 240, 243, 250, 255, 255, 255, 255, 252, 255, 240, 255, 255, 224, 26, 4, 0, 1, 1, 1, 1, 1, 1, 1, 1, 1, 1, 1, 1, 1, 1, 1, 1, 1, 1, 1, 1, 1, 1, 1, 1, 5, 0, 0, 6, 0, 0, 2, 0, 104, 255, 253, 243, 241, 252, 254, 245, 255, 255, 255, 255, 255, 255, 255, 255, 255, 255, 255, 255, 255, 255, 255, 255, 255, 255, 255, 255, 255, 255, 255, 255, 254, 255, 255, 46, 0, 0, 0, 4, 1, 1, 1, 1, 1, 1, 1, 1, 1, 1, 1, 1, 1, 1, 1, 1, 1, 1, 1, 1, 1, 1, 1, 1, 1, 1, 1, 1, 1, 1, 1, 1, 1
1, 1, 1, 1, 1, 1, 1, 1, 3, 3, 2, 0, 0, 11, 72, 131, 255, 255, 243, 252, 255, 255, 241, 255, 255, 255, 255, 252, 250, 253, 255, 255, 255, 250, 255, 255, 150, 7, 2, 0, 1, 1, 1, 1, 1, 1, 1, 1, 1, 1, 1, 1, 1, 1, 1, 1, 1, 1, 1, 1, 1, 1, 1, 1, 0, 5, 2, 0, 0, 0, 0, 16, 165, 252, 255, 255, 255, 255, 255, 253, 255, 255, 255, 255, 255, 255, 255, 255, 255, 255, 255, 255, 255, 255, 255, 255, 255, 255, 255, 255, 255, 255, 255, 255, 249, 255, 243, 175, 11, 10, 0, 2, 1, 1, 1, 1, 1, 1, 1, 1, 1, 1, 1, 1, 1, 1, 1, 1, 1, 1, 1, 1, 1, 1, 1, 1, 1, 1, 1, 1, 1, 1, 1, 1, 1
1, 1, 1, 1, 1, 1, 1, 1, 0, 0, 0, 0, 4, 65, 185, 255, 248, 255, 255, 247, 250, 255, 255, 250, 252, 254, 255, 255, 255, 255, 255, 255, 248, 255, 255, 252, 88, 0, 0, 3, 1, 1, 1, 1, 1, 1, 1, 1, 1, 1, 1, 1, 1, 1, 1, 1, 1, 1, 1, 1, 1, 1, 1, 1, 0, 12, 0, 0, 14, 0, 13, 120, 255, 255, 246, 255, 255, 245, 252, 253, 255, 255, 255, 255, 255, 255, 255, 255, 255, 255, 255, 255, 255, 255, 255, 255, 255, 255, 255, 255, 255, 255, 255, 255, 250, 255, 237, 255, 78, 3, 3, 0, 1, 1, 1, 1, 1, 1, 1, 1, 1, 1, 1, 1, 1, 1, 1, 1, 1, 1, 1, 1, 1, 1, 1, 1, 1, 1, 1, 1, 1, 1, 1, 1, 1
1, 1, 1, 1, 1, 1, 1, 1, 3, 0, 0, 0, 48, 250, 243, 255, 243, 255, 255, 249, 246, 255, 255, 245, 255, 255, 255, 255, 255, 255, 255, 255, 252, 255, 255, 178, 10, 4, 0, 9, 1, 1, 1, 1, 1, 1, 1, 1, 1, 1, 1, 1, 1, 1, 1, 1, 1, 1, 1, 1, 1, 1, 1, 1, 4, 0, 8, 4, 4, 0, 94, 255, 255, 255, 255, 255, 255, 255, 255, 255, 255, 255, 255, 255, 255, 255, 255, 255, 255, 255, 255, 255, 255, 255, 255, 255, 255, 255, 255, 255, 255, 255, 255, 255, 249, 255, 255, 250, 224, 3, 1, 7, 0, 3, 5, 3, 1, 0, 0, 0, 1, 1, 1, 1, 1, 1, 1, 1, 1, 1, 1, 1, 1, 1, 1, 1, 1, 1, 1, 1, 1, 1, 1, 1, 1
1, 1, 1, 1, 1, 1, 1, 1, 0, 0, 7, 2, 73, 250, 250, 241, 255, 252, 242, 255, 255, 255, 255, 254, 255, 255, 255, 255, 255, 255, 255, 255, 250, 252, 255, 155, 0, 0, 0, 0, 1, 1, 1, 1, 1, 1, 1, 1, 1, 1, 1, 1, 1, 1, 1, 1, 1, 1, 1, 1, 1, 1, 1, 1, 1, 17, 0, 0, 0, 47, 238, 249, 255, 255, 255, 255, 255, 255, 255, 255, 255, 255, 255, 255, 255, 255, 255, 255, 255, 255, 255, 255, 255, 255, 255, 255, 255, 255, 255, 255, 255, 255, 255, 255, 255, 255, 252, 255, 250, 88, 0, 2, 0, 0, 0, 0, 0, 2, 2, 0, 1, 1, 1, 1, 1, 1, 1, 1, 1, 1, 1, 1, 1, 1, 1, 1, 1, 1, 1, 1, 1, 1, 1, 1, 1
1, 1, 1, 1, 1, 1, 1, 1, 0, 5, 9, 0, 28, 143, 224, 255, 238, 255, 255, 250, 239, 243, 253, 255, 255, 255, 255, 255, 255, 255, 255, 255, 255, 248, 255, 147, 0, 0, 5, 0, 1, 1, 1, 1, 1, 1, 1, 1, 1, 1, 1, 1, 1, 1, 1, 1, 1, 1, 1, 1, 1, 1, 1, 1, 0, 0, 0, 20, 56, 233, 249, 255, 255, 255, 255, 255, 255, 255, 255, 255, 255, 255, 255, 255, 255, 255, 255, 255, 255, 255, 255, 255, 255, 255, 255, 255, 255, 255, 255, 255, 255, 255, 255, 255, 255, 255, 250, 255, 255, 183, 0, 3, 2, 0, 0, 0, 0, 2, 2, 1, 1, 1, 1, 1, 1, 1, 1, 1, 1, 1, 1, 1, 1, 1, 1, 1, 1, 1, 1, 1, 1, 1, 1, 1, 1
1, 1, 1, 1, 1, 1, 1, 1, 5, 0, 4, 0, 0, 4, 126, 230, 255, 255, 252, 255, 255, 254, 252, 255, 255, 255, 255, 255, 255, 255, 255, 255, 255, 250, 254, 161, 0, 3, 2, 0, 1, 1, 1, 1, 1, 1, 1, 1, 1, 1, 1, 1, 1, 1, 1, 1, 1, 1, 1, 1, 1, 1, 1, 1, 2, 0, 11, 99, 234, 255, 255, 240, 255, 255, 255, 255, 255, 255, 255, 255, 255, 255, 255, 255, 255, 255, 255, 255, 255, 255, 255, 255, 255, 255, 255, 255, 255, 255, 255, 255, 255, 255, 255, 255, 250, 255, 255, 255, 255, 234, 52, 0, 4, 1, 0, 1, 2, 0, 0, 2, 1, 1, 1, 1, 1, 1, 1, 1, 1, 1, 1, 1, 1, 1, 1, 1, 1, 1, 1, 1, 1, 1, 1, 1, 1
1, 1, 1, 1, 1, 1, 1, 1, 1, 0, 2, 10, 14, 0, 21, 65, 181, 230, 255, 255, 252, 255, 255, 248, 255, 255, 255, 255, 255, 255, 255, 255, 255, 253, 245, 170, 0, 2, 0, 3, 1, 1, 1, 1, 1, 1, 1, 1, 1, 1, 1, 1, 1, 1, 1, 1, 1, 1, 1, 1, 1, 1, 1, 1, 7, 7, 126, 249, 240, 255, 247, 255, 255, 255, 255, 255, 255, 255, 255, 255, 255, 255, 255, 255, 255, 255, 255, 255, 255, 255, 255, 255, 255, 255, 255, 255, 255, 255, 255, 255, 255, 255, 255, 255, 253, 255, 255, 253, 252, 253, 130, 0, 0, 0, 1, 5, 2, 0, 0, 5, 1, 1, 1, 1, 1, 1, 1, 1, 1, 1, 1, 1, 1, 1, 1, 1, 1, 1, 1, 1, 1, 1, 1, 1, 1
1, 1, 1, 1, 1, 1, 1, 1, 0, 0, 6, 1, 14, 0, 0, 0, 2, 110, 220, 255, 253, 250, 254, 254, 255, 255, 255, 255, 255, 255, 255, 255, 255, 255, 243, 152, 0, 4, 0, 7, 1, 1, 1, 1, 1, 1, 1, 1, 1, 1, 1, 1, 1, 1, 1, 1, 1, 1, 1, 1, 1, 1, 1, 1, 0, 55, 255, 239, 255, 255, 237, 255, 255, 255, 255, 255, 255, 255, 255, 255, 255, 255, 255, 255, 255, 255, 255, 255, 255, 255, 255, 255, 255, 255, 255, 255, 255, 255, 255, 255, 255, 255, 255, 255, 255, 255, 249, 255, 255, 255, 197, 22, 0, 0, 0, 2, 0, 0, 0, 6, 1, 1, 1, 1, 1, 1, 1, 1, 1, 1, 1, 1, 1, 1, 1, 1, 1, 1, 1, 1, 1, 1, 1, 1, 1
1, 1, 1, 1, 1, 1, 1, 1, 0, 3, 8, 0, 0, 0, 10, 7, 0, 0, 56, 188, 255, 252, 243, 255, 255, 255, 255, 255, 255, 255, 255, 255, 254, 255, 243, 99, 1, 3, 1, 4, 1, 1, 1, 1, 1, 1, 1, 1, 1, 1, 1, 1, 1, 1, 1, 1, 1, 1, 1, 1, 1, 1, 1, 1, 3, 207, 238, 255, 255, 255, 255, 248, 255, 255, 255, 255, 255, 255, 255, 255, 255, 255, 255, 255, 255, 255, 255, 255, 255, 255, 255, 255, 255, 255, 255, 255, 255, 255, 255, 255, 255, 255, 255, 255, 255, 255, 248, 255, 252, 255, 239, 138, 16, 0, 0, 0, 1, 0, 0, 3, 1, 1, 1, 1, 1, 1, 1, 1, 1, 1, 1, 1, 1, 1, 1, 1, 1, 1, 1, 1, 1, 1, 1, 1, 1
1, 1, 1, 1, 1, 1, 1, 1, 3, 0, 6, 0, 0, 8, 0, 0, 2, 4, 0, 19, 120, 238, 255, 242, 255, 255, 255, 255, 255, 255, 255, 255, 247, 255, 239, 44, 0, 0, 11, 0, 1, 1, 1, 1, 1, 1, 1, 1, 1, 1, 1, 1, 1, 1, 1, 1, 1, 1, 1, 1, 1, 1, 1, 1, 118, 240, 255, 255, 245, 248, 255, 250, 255, 255, 255, 255, 255, 255, 255, 255, 255, 255, 255, 255, 255, 255, 255, 255, 255, 255, 255, 255, 255, 255, 255, 255, 255, 255, 255, 255, 255, 255, 255, 255, 249, 255, 254, 255, 240, 255, 255, 255, 42, 14, 0, 0, 4, 1, 0, 0, 1, 1, 1, 1, 1, 1, 1, 1, 1, 1, 1, 1, 1, 1, 1, 1, 1, 1, 1, 1, 1, 1, 1, 1, 1
1, 1, 1, 1, 1, 1, 1, 1, 1, 1, 1, 1, 1, 1, 1, 1, 0, 2, 6, 2, 7, 60, 171, 255, 255, 243, 255, 255, 246, 255, 245, 255, 245, 255, 223, 2, 15, 0, 16, 0, 1, 1, 1, 1, 1, 1, 1, 1, 1, 1, 1, 1, 1, 1, 1, 1, 4, 1, 0, 0, 8, 0, 0, 52, 255, 255, 255, 255, 255, 255, 255, 255, 255, 255, 255, 255, 255, 255, 255, 255, 255, 255, 255, 255, 255, 255, 255, 255, 255, 255, 255, 255, 255, 255, 255, 255, 255, 255, 255, 255, 255, 255, 255, 255, 255, 255, 255, 255, 255, 255, 255, 255, 195, 0, 0, 12, 0, 16, 0, 6, 1, 1, 1, 1, 1, 1, 1, 1, 1, 1, 1, 1, 1, 1, 1, 1, 1, 1, 1, 1, 1, 1, 1, 1, 1
1, 1, 1, 1, 1, 1, 1, 1, 1, 1, 1, 1, 1, 1, 1, 1, 0, 1, 3, 0, 0, 4, 58, 113, 255, 255, 243, 243, 255, 234, 255, 240, 253, 243, 232, 0, 7, 0, 0, 5, 1, 1, 1, 1, 1, 1, 1, 1, 1, 1, 1, 1, 1, 1, 1, 1, 0, 14, 3, 11, 0, 0, 15, 182, 255, 255, 255, 255, 255, 255, 255, 255, 255, 255, 255, 255, 255, 255, 255, 255, 255, 255, 255, 255, 255, 255, 255, 255, 255, 255, 255, 255, 255, 255, 255, 255, 255, 255, 255, 255, 255, 255, 255, 255, 255, 255, 255, 255, 255, 255, 255, 255, 238, 77, 13, 0, 0, 0, 6, 0, 1, 1, 1, 1, 1, 1, 1, 1, 1, 1, 1, 1, 1, 1, 1, 1, 1, 1, 1, 1, 1, 1, 1, 1, 1
1, 1, 1, 1, 1, 1, 1, 1, 1, 1, 1, 1, 1, 1, 1, 1, 0, 0, 2, 4, 0, 0, 0, 5, 96, 248, 255, 240, 255, 255, 218, 255, 255, 255, 119, 0, 0, 4, 0, 0, 1, 1, 1, 1, 1, 1, 1, 1, 1, 1, 1, 1, 1, 1, 1, 1, 2, 0, 5, 0, 10, 0, 113, 255, 255, 255, 255, 255, 255, 255, 255, 255, 255, 255, 255, 255, 255, 255, 255, 255, 255, 255, 255, 255, 255, 255, 255, 255, 255, 255, 255, 255, 255, 255, 255, 255, 255, 255, 255, 255, 255, 255, 255, 255, 255, 255, 255, 255, 255, 255, 255, 255, 253, 160, 0, 0, 11, 0, 11, 0, 1, 1, 1, 1, 1, 1, 1, 1, 1, 1, 1, 1, 1, 1, 1, 1, 1, 1, 1, 1, 1, 1, 1, 1, 1
1, 1, 1, 1, 1, 1, 1, 1, 1, 1, 1, 1, 1, 1, 1, 1, 1, 0, 0, 6, 9, 3, 0, 0, 0, 59, 236, 253, 255, 247, 255, 255, 252, 255, 60, 11, 2, 0, 1, 0, 1, 1, 1, 1, 1, 1, 1, 1, 1, 1, 1, 1, 1, 1, 1, 1, 8, 0, 0, 0, 3, 36, 233, 254, 255, 255, 255, 255, 255, 255, 255, 255, 255, 255, 255, 255, 255, 255, 255, 255, 255, 255, 255, 255, 255, 255, 255, 255, 255, 255, 255, 255, 255, 255, 255, 255, 255, 255, 255, 255, 255, 255, 255, 255, 255, 255, 255, 255, 255, 255, 255, 255, 249, 207, 0, 0, 11, 0, 0, 8, 1, 1, 1, 1, 1, 1, 1, 1, 1, 1, 1, 1, 1, 1, 1, 1, 1, 1, 1, 1, 1, 1, 1, 1, 1
1, 1, 1, 1, 1, 1, 1, 1, 1, 1, 1, 1, 1, 1, 1, 1, 1, 0, 0, 0, 2, 3, 2, 2, 1, 0, 36, 223, 250, 254, 255, 254, 254, 250, 140, 0, 4, 0, 0, 10, 1, 1, 1, 1, 1, 1, 1, 1, 1, 1, 1, 1, 1, 1, 1, 1, 0, 9, 0, 12, 0, 154, 255, 255, 255, 255, 255, 255, 255, 255, 255, 255, 255, 255, 255, 255, 255, 255, 255, 255, 255, 255, 255, 255, 255, 255, 255, 255, 255, 255, 255, 255, 255, 255, 255, 255, 255, 255, 255, 255, 255, 255, 255, 255, 255, 255, 255, 255, 255, 255, 255, 255, 255, 243, 75, 0, 6, 0, 0, 3, 1, 1, 1, 1, 1, 1, 1, 1, 1, 1, 1, 1, 1, 1, 1, 1, 1, 1, 1, 1, 1, 1, 1, 1, 1
1, 1, 1, 1, 1, 1, 1, 1, 1, 1, 1, 1, 1, 1, 1, 1, 0, 0, 0, 0, 0, 0, 0, 0, 9, 4, 0, 46, 237, 255, 250, 255, 255, 255, 129, 0, 0, 0, 16, 0, 1, 1, 1, 1, 1, 1, 1, 1, 1, 1, 1, 1, 1, 1, 1, 1, 0, 6, 4, 0, 70, 255, 243, 255, 255, 255, 255, 255, 255, 255, 255, 255, 255, 255, 255, 255, 255, 255, 255, 255, 255, 255, 255, 255, 255, 255, 255, 255, 255, 255, 255, 255, 255, 255, 255, 255, 255, 255, 255, 255, 255, 255, 255, 255, 255, 255, 255, 255, 255, 255, 255, 255, 255, 255, 187, 2, 0, 0, 8, 0, 1, 1, 1, 1, 1, 1, 1, 1, 1, 1, 1, 1, 1, 1, 1, 1, 1, 1, 1, 1, 1, 1, 1, 1, 1
1, 1, 1, 1, 1, 1, 1, 1, 1, 1, 1, 1, 1, 1, 1, 1, 0, 2, 4, 3, 2, 3, 3, 2, 1, 0, 14, 17, 56, 229, 255, 247, 255, 221, 28, 16, 0, 8, 18, 0, 1, 1, 1, 1, 1, 1, 1, 1, 1, 1, 1, 1, 1, 1, 1, 1, 6, 0, 3, 16, 198, 255, 246, 248, 255, 255, 255, 255, 255, 255, 255, 255, 255, 255, 255, 255, 255, 255, 255, 255, 255, 255, 255, 255, 255, 255, 255, 255, 255, 255, 255, 255, 255, 255, 255, 255, 255, 255, 255, 255, 255, 255, 255, 255, 255, 255, 255, 255, 255, 255, 255, 255, 246, 255, 248, 82, 2, 0, 8, 0, 1, 1, 1, 1, 1, 1, 1, 1, 1, 1, 1, 1, 1, 1, 1, 1, 1, 1, 1, 1, 1, 1, 1, 1, 1
1, 1, 1, 1, 1, 1, 1, 1, 1, 1, 1, 1, 1, 1, 1, 1, 1, 2, 1, 0, 0, 0, 0, 0, 0, 0, 6, 0, 0, 95, 252, 255, 253, 109, 3, 0, 5, 0, 0, 19, 1, 1, 1, 1, 1, 1, 1, 1, 1, 1, 1, 1, 1, 1, 1, 1, 0, 5, 0, 136, 254, 246, 255, 250, 255, 255, 255, 255, 255, 255, 255, 255, 255, 255, 255, 255, 255, 255, 255, 255, 255, 255, 255, 255, 255, 255, 255, 255, 255, 255, 255, 255, 255, 255, 255, 255, 255, 255, 255, 255, 255, 255, 255, 255, 255, 255, 255, 255, 255, 255, 255, 255, 246, 255, 255, 186, 11, 4, 0, 4, 1, 1, 1, 1, 1, 1, 1, 1, 1, 1, 1, 1, 1, 1, 1, 1, 1, 1, 1, 1, 1, 1, 1, 1, 1
0, 1, 0, 0, 21, 6, 0, 0, 0, 1, 1, 0, 3, 21, 42, 53, 68, 77, 79, 63, 32, 7, 0, 0, 0, 0, 0, 0, 0, 11, 220, 241, 250, 40, 0, 10, 0, 0, 6, 0, 2, 2, 2, 2, 2, 1, 1, 1, 10, 34, 60, 79, 103, 129, 137, 131, 139, 137, 211, 237, 255, 248, 255, 255, 255, 255, 252, 250, 253, 255, 255, 255, 249, 253, 255, 255, 255, 253, 253, 254, 253, 254, 255, 255, 255, 255, 254, 253, 255, 255, 255, 255, 254, 254, 254, 254, 255, 255, 255, 255, 255, 255, 255, 255, 255, 255, 255, 255, 255, 255, 255, 255, 255, 250, 254, 255, 77, 9, 5, 0, 1, 7, 5, 0, 0, 6, 3, 0, 1, 1, 1, 1, 1, 1, 1, 1, 1, 1, 1, 1, 1, 1, 1, 1, 1
4, 8, 9, 5, 0, 0, 0, 13, 0, 36, 93, 147, 193, 231, 253, 255, 246, 255, 255, 252, 224, 188, 156, 139, 143, 119, 85, 62, 53, 78, 236, 255, 255, 118, 52, 36, 32, 52, 60, 73, 139, 134, 130, 133, 147, 171, 195, 209, 225, 239, 248, 249, 255, 255, 255, 255, 247, 248, 255, 243, 255, 255, 255, 248, 248, 250, 253, 255, 255, 255, 252, 249, 255, 255, 254, 250, 250, 255, 255, 255, 255, 255, 253, 250, 250, 250, 253, 254, 249, 250, 252, 254, 255, 255, 255, 255, 255, 255, 255, 255, 255, 255, 255, 255, 255, 255, 255, 255, 255, 255, 255, 255, 250, 255, 255, 242, 211, 5, 4, 2, 0, 0, 0, 0, 0, 0, 4, 9, 1, 1, 1, 1, 1, 1, 1, 1, 1, 1, 1, 1, 1, 1, 1, 1, 1
0, 0, 0, 4, 0, 48, 143, 169, 218, 237, 255, 255, 255, 255, 250, 242, 250, 253, 255, 255, 255, 255, 247, 239, 245, 250, 254, 255, 255, 248, 255, 246, 255, 252, 239, 232, 255, 255, 243, 255, 255, 255, 252, 250, 250, 255, 255, 255, 255, 255, 255, 253, 250, 255, 255, 247, 255, 255, 255, 245, 255, 255, 255, 255, 255, 255, 255, 255, 255, 255, 255, 255, 255, 255, 255, 255, 255, 254, 250, 247, 253, 252, 250, 250, 253, 255, 255, 255, 254, 255, 255, 255, 255, 255, 254, 253, 255, 255, 255, 255, 255, 255, 255, 255, 255, 255, 255, 255, 255, 255, 255, 255, 255, 248, 255, 255, 255, 135, 0, 2, 7, 4, 7, 12, 9, 0, 0, 0, 1, 1, 1, 1, 1, 1, 1, 1, 1, 1, 1, 1, 1, 1, 1, 1, 1
0, 10, 2, 0, 0, 129, 255, 255, 255, 255, 255, 252, 250, 255, 255, 255, 255, 253, 246, 245, 252, 255, 255, 255, 255, 255, 247, 250, 243, 255, 248, 255, 237, 255, 255, 241, 255, 255, 248, 255, 252, 255, 255, 255, 255, 255, 247, 240, 250, 255, 255, 250, 252, 255, 255, 255, 247, 255, 249, 255, 255, 234, 250, 255, 255, 255, 254, 250, 248, 247, 248, 250, 250, 250, 252, 255, 255, 255, 255, 255, 254, 255, 255, 255, 255, 252, 248, 246, 255, 255, 255, 255, 255, 255, 254, 254, 255, 255, 255, 255, 255, 255, 255, 255, 255, 255, 255, 255, 255, 255, 255, 255, 255, 245, 249, 255, 240, 255, 93, 0, 0, 0, 0, 0, 3, 6, 0, 0, 1, 1, 1, 1, 1, 1, 1, 1, 1, 1, 1, 1, 1, 1, 1, 1, 1
0, 1, 3, 2, 0, 118, 255, 239, 250, 255, 255, 252, 250, 254, 255, 252, 255, 255, 255, 255, 250, 247, 243, 243, 246, 255, 252, 255, 255, 255, 241, 255, 255, 255, 255, 255, 249, 250, 255, 255, 250, 250, 250, 252, 254, 255, 255, 255, 250, 254, 255, 254, 254, 255, 255, 254, 255, 255, 255, 255, 246, 255, 255, 253, 243, 250, 255, 255, 255, 255, 255, 255, 255, 255, 253, 248, 248, 250, 254, 255, 249, 250, 255, 255, 255, 255, 255, 255, 252, 250, 250, 250, 250, 254, 255, 255, 255, 255, 255, 255, 255, 255, 255, 255, 255, 255, 255, 255, 255, 255, 255, 255, 252, 255, 239, 255, 255, 255, 238, 19, 3, 6, 0, 0, 0, 4, 8, 2, 1, 1, 1, 1, 1, 1, 1, 1, 1, 1, 1, 1, 1, 1, 1, 1, 1
0, 0, 0, 5, 0, 65, 255, 255, 255, 255, 255, 255, 255, 255, 252, 245, 250, 255, 255, 255, 255, 255, 255, 255, 253, 255, 250, 254, 241, 255, 245, 255, 243, 234, 242, 255, 255, 250, 255, 240, 255, 255, 255, 255, 253, 254, 255, 255, 253, 255, 255, 255, 255, 254, 252, 250, 253, 250, 255, 254, 243, 255, 211, 144, 179, 182, 185, 191, 202, 220, 242, 255, 241, 249, 255, 255, 255, 255, 255, 255, 255, 253, 250, 247, 245, 245, 245, 246, 255, 255, 255, 254, 253, 254, 255, 255, 255, 255, 255, 255, 255, 255, 255, 255, 255, 255, 255, 255, 255, 255, 255, 255, 241, 255, 253, 237, 255, 248, 255, 134, 0, 4, 14, 9, 0, 0, 0, 0, 1, 1, 1, 1, 1, 1, 1, 1, 1, 1, 1, 1, 1, 1, 1, 1, 1
22, 0, 10, 1, 0, 35, 248, 255, 252, 254, 253, 250, 252, 255, 255, 255, 255, 255, 254, 250, 247, 247, 250, 255, 250, 255, 250, 255, 250, 252, 249, 248, 255, 255, 249, 255, 255, 243, 255, 253, 245, 248, 252, 255, 255, 255, 253, 252, 253, 252, 253, 255, 255, 255, 255, 255, 255, 255, 255, 250, 249, 221, 56, 7, 3, 0, 0, 0, 5, 29, 60, 82, 113, 133, 161, 183, 193, 199, 204, 208, 252, 255, 255, 255, 255, 255, 255, 255, 250, 252, 254, 255, 255, 254, 252, 250, 255, 255, 255, 255, 255, 255, 255, 255, 255, 255, 255, 255, 255, 255, 255, 255, 250, 255, 255, 250, 247, 255, 230, 233, 21, 0, 0, 0, 5, 0, 0, 2, 1, 1, 1, 1, 1, 1, 1, 1, 1, 1, 1, 1, 1, 1, 1, 1, 1
0, 0, 10, 0, 9, 47, 255, 247, 255, 255, 255, 253, 254, 255, 255, 254, 254, 254, 254, 255, 255, 255, 254, 252, 255, 255, 246, 255, 255, 254, 255, 250, 246, 255, 248, 254, 255, 245, 255, 255, 255, 255, 255, 255, 255, 255, 255, 255, 255, 253, 252, 253, 254, 253, 255, 255, 255, 252, 254, 252, 255, 189, 0, 6, 0, 2, 5, 2, 0, 0, 0, 5, 0, 1, 4, 0, 0, 0, 13, 26, 48, 76, 120, 170, 211, 239, 253, 255, 214, 221, 233, 245, 253, 255, 255, 255, 255, 255, 255, 255, 255, 255, 255, 255, 255, 255, 255, 255, 255, 255, 255, 255, 255, 255, 252, 255, 255, 252, 255, 246, 186, 84, 1, 0, 9, 0, 0, 12, 1, 1, 1, 1, 1, 1, 1, 1, 1, 1, 1, 1, 1, 1, 1, 1, 1
0, 11, 3, 0, 5, 39, 255, 255, 255, 255, 255, 255, 255, 255, 255, 255, 255, 255, 255, 255, 255, 255, 255, 255, 255, 255, 255, 255, 255, 255, 255, 255, 255, 255, 255, 255, 255, 255, 255, 255, 255, 255, 255, 255, 255, 255, 255, 255, 255, 255, 255, 255, 255, 255, 255, 255, 255, 246, 250, 255, 255, 166, 8, 0, 1, 1, 1, 1, 1, 1, 1, 1, 1, 1, 1, 1, 1, 1, 1, 1, 0, 0, 1, 6, 13, 21, 28, 32, 6, 16, 28, 34, 39, 51, 71, 87, 149, 169, 199, 225, 241, 250, 255, 255, 255, 255, 255, 249, 243, 253, 255, 255, 255, 250, 236, 255, 255, 246, 252, 255, 255, 255, 220, 146, 70, 22, 0, 0, 1, 0, 3, 5, 1, 7, 10, 0, 1, 1, 1, 1, 1, 1, 1, 1, 1
0, 0, 2, 0, 5, 52, 246, 253, 255, 255, 255, 255, 255, 255, 255, 255, 255, 255, 255, 255, 255, 255, 255, 255, 255, 255, 255, 255, 255, 255, 255, 255, 255, 255, 255, 255, 255, 255, 255, 255, 255, 255, 255, 255, 255, 255, 255, 255, 255, 255, 255, 255, 255, 255, 255, 255, 255, 249, 254, 255, 255, 152, 7, 0, 1, 1, 1, 1, 1, 1, 1, 1, 1, 1, 1, 1, 1, 1, 1, 1, 0, 0, 0, 0, 0, 2, 6, 8, 0, 0, 2, 0, 0, 0, 5, 13, 3, 0, 0, 4, 28, 72, 121, 156, 179, 227, 188, 85, 32, 32, 65, 118, 209, 255, 255, 241, 255, 255, 253, 252, 254, 255, 255, 250, 231, 174, 78, 0, 11, 0, 0, 5, 0, 0, 0, 3, 1, 1, 1, 1, 1, 1, 1, 1, 1
8, 0, 6, 0, 9, 103, 250, 255, 255, 255, 255, 255, 255, 255, 255, 255, 255, 255, 255, 255, 255, 255, 255, 255, 255, 255, 255, 255, 255, 255, 255, 255, 255, 255, 255, 255, 255, 255, 255, 255, 255, 255, 255, 255, 255, 255, 255, 255, 255, 255, 255, 255, 255, 255, 255, 255, 255, 253, 255, 255, 253, 127, 6, 0, 1, 1, 1, 1, 1, 1, 1, 1, 1, 1, 1, 1, 1, 1, 1, 1, 4, 2, 0, 0, 0, 0, 0, 0, 3, 3, 3, 0, 0, 0, 0, 0, 10, 9, 6, 0, 0, 0, 2, 9, 6, 0, 7, 11, 0, 0, 10, 12, 83, 233, 255, 253, 255, 243, 243, 255, 255, 253, 250, 255, 255, 255, 223, 181, 71, 14, 0, 2, 9, 3, 2, 4, 1, 1, 1, 1, 1, 1, 1, 1, 1
7, 0, 3, 0, 8, 173, 255, 255, 255, 255, 255, 255, 255, 255, 255, 255, 255, 255, 255, 255, 255, 255, 255, 255, 255, 255, 255, 255, 255, 255, 255, 255, 255, 255, 255, 255, 255, 255, 255, 255, 255, 255, 255, 255, 255, 255, 255, 255, 255, 255, 255, 255, 255, 255, 255, 255, 255, 255, 255, 255, 250, 95, 3, 1, 1, 1, 1, 1, 1, 1, 1, 1, 1, 1, 1, 1, 1, 1, 1, 1, 3, 3, 1, 0, 0, 1, 1, 2, 0, 0, 0, 1, 3, 5, 4, 4, 0, 0, 0, 0, 0, 0, 0, 0, 0, 16, 0, 0, 12, 0, 2, 96, 191, 250, 249, 245, 255, 253, 253, 255, 255, 255, 255, 249, 248, 255, 255, 255, 255, 153, 42, 0, 0, 2, 8, 4, 1, 1, 1, 1, 1, 1, 1, 1, 1
0, 4, 0, 0, 10, 225, 255, 254, 255, 255, 255, 255, 255, 255, 255, 255, 255, 255, 255, 255, 255, 255, 255, 255, 255, 255, 255, 255, 255, 255, 255, 255, 255, 255, 255, 255, 255, 255, 255, 255, 255, 255, 255, 255, 255, 255, 255, 255, 255, 255, 255, 255, 255, 255, 255, 255, 255, 255, 255, 252, 249, 63, 1, 0, 1, 1, 1, 1, 1, 1, 1, 1, 1, 1, 1, 1, 1, 1, 1, 1, 0, 0, 0, 0, 0, 1, 2, 3, 0, 0, 0, 0, 1, 1, 0, 0, 12, 11, 8, 3, 0, 0, 0, 0, 4, 0, 5, 0, 1, 82, 198, 255, 255, 255, 250, 255, 255, 252, 255, 249, 255, 255, 255, 255, 255, 255, 250, 240, 239, 255, 255, 142, 30, 0, 0, 0, 1, 1, 1, 1, 1, 1, 1, 1, 1
0, 11, 0, 0, 47, 250, 254, 247, 255, 255, 255, 255, 255, 255, 255, 255, 255, 255, 255, 255, 255, 255, 255, 255, 255, 255, 255, 255, 255, 255, 255, 255, 255, 255, 255, 255, 255, 255, 255, 255, 255, 255, 255, 255, 255, 255, 255, 255, 255, 255, 255, 255, 255, 255, 255, 255, 253, 255, 254, 250, 252, 39, 1, 0, 1, 1, 1, 1, 1, 1, 1, 1, 1, 1, 1, 1, 1, 1, 1, 1, 0, 0, 0, 0, 0, 1, 1, 1, 4, 3, 3, 3, 4, 4, 2, 0, 0, 0, 0, 3, 6, 5, 2, 0, 0, 0, 0, 59, 179, 245, 250, 255, 233, 242, 255, 255, 241, 243, 255, 248, 254, 250, 246, 247, 252, 255, 255, 255, 255, 243, 255, 255, 161, 24, 0, 29, 1, 1, 1, 1, 1, 1, 1, 1, 1
1, 7, 1, 3, 116, 254, 255, 252, 255, 255, 255, 255, 255, 255, 255, 255, 255, 255, 255, 255, 255, 255, 255, 255, 255, 255, 255, 255, 255, 255, 255, 255, 255, 255, 255, 255, 255, 255, 255, 255, 255, 255, 255, 255, 255, 255, 255, 255, 255, 255, 255, 255, 255, 255, 255, 255, 254, 255, 254, 250, 255, 24, 4, 0, 1, 1, 1, 1, 1, 1, 1, 1, 1, 1, 1, 1, 1, 1, 1, 1, 3, 4, 4, 3, 3, 2, 1, 0, 0, 0, 0, 0, 0, 0, 0, 1, 14, 8, 0, 0, 0, 0, 0, 3, 11, 2, 95, 213, 250, 255, 255, 233, 255, 255, 243, 243, 246, 255, 255, 246, 253, 255, 255, 255, 254, 247, 247, 250, 253, 255, 255, 246, 252, 235, 120, 0, 1, 1, 1, 1, 1, 1, 1, 1, 1
0, 0, 4, 2, 168, 245, 255, 255, 255, 255, 255, 255, 255, 255, 255, 255, 255, 255, 255, 255, 255, 255, 255, 255, 255, 255, 255, 255, 255, 255, 255, 255, 255, 255, 255, 255, 255, 255, 255, 255, 255, 255, 255, 255, 255, 255, 255, 255, 255, 255, 255, 255, 255, 255, 255, 255, 255, 255, 254, 253, 255, 18, 6, 0, 1, 1, 1, 1, 1, 1, 1, 1, 1, 1, 1, 1, 1, 1, 1, 1, 0, 0, 0, 1, 0, 0, 0, 0, 3, 4, 5, 3, 0, 0, 2, 5, 0, 0, 0, 0, 2, 2, 0, 0, 0, 87, 226, 255, 246, 242, 255, 255, 243, 255, 248, 255, 255, 248, 247, 255, 255, 253, 249, 253, 255, 255, 255, 253, 255, 255, 255, 253, 255, 255, 231, 175, 1, 1, 1, 1, 1, 1, 1, 1, 1
0, 8, 0, 7, 155, 255, 245, 255, 255, 255, 255, 255, 255, 255, 255, 255, 255, 255, 255, 255, 255, 255, 255, 255, 255, 255, 255, 255, 255, 255, 255, 255, 255, 255, 255, 255, 255, 255, 255, 255, 255, 255, 255, 255, 255, 255, 255, 255, 255, 255, 255, 255, 255, 255, 255, 255, 247, 255, 255, 255, 218, 19, 8, 0, 1, 1, 1, 1, 1, 1, 1, 1, 1, 1, 1, 1, 1, 1, 1, 1, 1, 1, 1, 1, 1, 1, 1, 1, 1, 1, 1, 1, 1, 1, 1, 1, 0, 16, 0, 0, 0, 4, 16, 0, 88, 233, 255, 243, 252, 255, 247, 255, 255, 255, 255, 255, 255, 255, 255, 255, 255, 255, 255, 255, 255, 255, 255, 255, 255, 255, 255, 255, 255, 255, 255, 255, 191, 19, 3, 11, 1, 4, 0, 2, 1
1, 0, 0, 5, 185, 255, 250, 255, 255, 255, 255, 255, 255, 255, 255, 255, 255, 255, 255, 255, 255, 255, 255, 255, 255, 255, 255, 255, 255, 255, 255, 255, 255, 255, 255, 255, 255, 255, 255, 255, 255, 255, 255, 255, 255, 255, 255, 255, 255, 255, 255, 255, 255, 255, 255, 255, 255, 255, 250, 248, 187, 2, 0, 0, 1, 1, 1, 1, 1, 1, 1, 1, 1, 1, 1, 1, 1, 1, 1, 1, 1, 1, 1, 1, 1, 1, 1, 1, 1, 1, 1, 1, 1, 1, 1, 1, 8, 0, 20, 1, 12, 0, 0, 99, 230, 255, 247, 235, 255, 255, 245, 255, 255, 255, 255, 255, 255, 255, 255, 255, 255, 255, 255, 255, 255, 255, 255, 255, 255, 255, 255, 255, 255, 255, 255, 255, 241, 235, 55, 0, 4, 0, 6, 0, 1
4, 0, 1, 21, 225, 255, 255, 255, 255, 255, 255, 255, 255, 255, 255, 255, 255, 255, 255, 255, 255, 255, 255, 255, 255, 255, 255, 255, 255, 255, 255, 255, 255, 255, 255, 255, 255, 255, 255, 255, 255, 255, 255, 255, 255, 255, 255, 255, 255, 255, 255, 255, 255, 255, 255, 255, 255, 255, 250, 250, 167, 0, 0, 1, 1, 1, 1, 1, 1, 1, 1, 1, 1, 1, 1, 1, 1, 1, 1, 1, 1, 1, 1, 1, 1, 1, 1, 1, 1, 1, 1, 1, 1, 1, 1, 1, 1, 0, 0, 23, 0, 1, 96, 227, 255, 255, 246, 250, 255, 253, 243, 255, 255, 255, 255, 255, 255, 255, 255, 255, 255, 255, 255, 255, 255, 255, 255, 255, 255, 255, 255, 255, 255, 255, 255, 255, 255, 255, 232, 56, 0, 5, 7, 0, 1
3, 0, 3, 67, 254, 255, 250, 255, 255, 255, 255, 255, 255, 255, 255, 255, 255, 255, 255, 255, 255, 255, 255, 255, 255, 255, 255, 255, 255, 255, 255, 255, 255, 255, 255, 255, 255, 255, 255, 255, 255, 255, 255, 255, 255, 255, 255, 255, 255, 255, 255, 255, 255, 255, 255, 255, 255, 253, 255, 255, 155, 9, 5, 3, 1, 1, 1, 1, 1, 1, 1, 1, 1, 1, 1, 1, 1, 1, 1, 1, 1, 1, 1, 1, 1, 1, 1, 1, 1, 1, 1, 1, 1, 1, 1, 1, 0, 2, 8, 0, 4, 77, 255, 255, 238, 253, 255, 255, 247, 249, 255, 255, 255, 255, 255, 255, 255, 255, 255, 255, 255, 255, 255, 255, 255, 255, 255, 255, 255, 255, 255, 255, 255, 255, 255, 255, 246, 247, 254, 252, 24, 16, 4, 0, 1
0, 2, 4, 131, 255, 255, 243, 255, 255, 255, 255, 255, 255, 255, 255, 255, 255, 255, 255, 255, 255, 255, 255, 255, 255, 255, 255, 255, 255, 255, 255, 255, 255, 255, 255, 255, 255, 255, 255, 255, 255, 255, 255, 255, 255, 255, 255, 255, 255, 255, 255, 255, 255, 255, 255, 255, 248, 249, 255, 255, 121, 7, 2, 0, 1, 1, 1, 1, 1, 1, 1, 1, 1, 1, 1, 1, 1, 1, 1, 1, 1, 1, 1, 1, 1, 1, 1, 1, 1, 1, 1, 1, 1, 1, 1, 1, 0, 2, 0, 3, 58, 243, 255, 248, 254, 255, 255, 250, 241, 255, 255, 249, 255, 255, 255, 255, 255, 255, 255, 255, 255, 255, 255, 255, 255, 255, 255, 255, 255, 255, 255, 255, 255, 255, 255, 255, 255, 245, 255, 255, 168, 0, 0, 9, 1
0, 7, 4, 185, 255, 255, 243, 255, 255, 255, 255, 255, 255, 255, 255, 255, 255, 255, 255, 255, 255, 255, 255, 255, 255, 255, 255, 255, 255, 255, 255, 255, 255, 255, 255, 255, 255, 255, 255, 255, 255, 255, 255, 255, 255, 255, 255, 255, 255, 255, 255, 255, 255, 255, 255, 255, 255, 255, 255, 242, 72, 0, 2, 0, 1, 1, 1, 1, 1, 1, 1, 1, 1, 1, 1, 1, 1, 1, 1, 1, 1, 1, 1, 1, 1, 1, 1, 1, 1, 1, 1, 1, 1, 1, 1, 1, 2, 0, 0, 24, 209, 255, 249, 254, 255, 250, 254, 255, 255, 255, 255, 255, 255, 255, 255, 255, 255, 255, 255, 255, 255, 255, 255, 255, 255, 255, 255, 255, 255, 255, 255, 255, 255, 255, 255, 255, 255, 255, 246, 255, 208, 24, 0, 14, 1
0, 2, 2, 209, 255, 254, 254, 252, 255, 255, 255, 255, 255, 255, 255, 255, 255, 255, 255, 255, 255, 255, 255, 255, 255, 255, 255, 255, 255, 255, 255, 255, 255, 255, 255, 255, 255, 255, 255, 255, 255, 255, 255, 255, 255, 255, 255, 255, 255, 255, 255, 255, 255, 255, 255, 255, 255, 255, 255, 220, 28, 0, 8, 0, 1, 1, 1, 1, 1, 1, 1, 1, 1, 1, 1, 1, 1, 1, 1, 1, 1, 1, 1, 1, 1, 1, 1, 1, 1, 1, 1, 1, 1, 1, 1, 1, 0, 13, 0, 149, 254, 255, 252, 255, 243, 246, 255, 255, 255, 249, 250, 255, 255, 255, 255, 255, 255, 255, 255, 255, 255, 255, 255, 255, 255, 255, 255, 255, 255, 255, 255, 255, 255, 255, 255, 255, 240, 255, 250, 255, 250, 62, 42, 0, 1
3, 0, 1, 215, 253, 249, 255, 248, 255, 255, 255, 255, 255, 255, 255, 255, 255, 255, 255, 255, 255, 255, 255, 255, 255, 255, 255, 255, 255, 255, 255, 255, 255, 255, 255, 255, 255, 255, 255, 255, 255, 255, 255, 255, 255, 255, 255, 255, 255, 255, 255, 255, 255, 255, 255, 255, 252, 255, 250, 205, 2, 0, 9, 0, 1, 1, 1, 1, 1, 1, 1, 1, 1, 1, 1, 1, 1, 1, 1, 1, 1, 1, 1, 1, 1, 1, 1, 1, 1, 1, 1, 1, 1, 1, 1, 1, 4, 0, 116, 236, 255, 255, 255, 243, 255, 255, 253, 243, 253, 255, 255, 254, 255, 255, 255, 255, 255, 255, 255, 255, 255, 255, 255, 255, 255, 255, 255, 255, 255, 255, 255, 255, 255, 255, 255, 255, 255, 237, 255, 255, 235, 229, 1, 1, 1
3, 0, 40, 227, 255, 255, 249, 255, 255, 255, 255, 255, 255, 255, 255, 255, 255, 255, 255, 255, 255, 255, 255, 255, 255, 255, 255, 255, 255, 255, 255, 255, 255, 255, 255, 255, 255, 255, 255, 255, 255, 255, 255, 255, 255, 255, 255, 255, 255, 255, 255, 255, 255, 255, 255, 255, 255, 255, 255, 118, 8, 4, 0, 10, 1, 1, 1, 1, 1, 1, 1, 1, 1, 1, 1, 1, 1, 1, 1, 1, 1, 1, 1, 1, 1, 1, 1, 1, 6, 0, 5, 4, 0, 0, 17, 0, 0, 110, 235, 255, 250, 250, 255, 255, 255, 255, 255, 255, 255, 255, 255, 255, 255, 255, 255, 255, 255, 255, 255, 255, 255, 255, 255, 255, 255, 255, 255, 255, 255, 255, 255, 255, 255, 255, 255, 255, 255, 247, 247, 255, 242, 254, 96, 0, 2
0, 0, 31, 229, 255, 255, 247, 255, 255, 255, 255, 255, 255, 255, 255, 255, 255, 255, 255, 255, 255, 255, 255, 255, 255, 255, 255, 255, 255, 255, 255, 255, 255, 255, 255, 255, 255, 255, 255, 255, 255, 255, 255, 255, 255, 255, 255, 255, 255, 255, 255, 255, 255, 255, 255, 255, 255, 242, 247, 53, 0, 12, 0, 1, 1, 1, 1, 1, 1, 1, 1, 1, 1, 1, 1, 1, 1, 1, 1, 1, 1, 1, 1, 1, 1, 1, 1, 1, 0, 0, 0, 4, 12, 15, 0, 0, 121, 199, 255, 255, 250, 250, 255, 253, 255, 255, 255, 255, 255, 255, 255, 255, 255, 255, 255, 255, 255, 255, 255, 255, 255, 255, 255, 255, 255, 255, 255, 255, 255, 255, 255, 255, 255, 255, 255, 255, 255, 255, 255, 255, 250, 255, 135, 0, 0
2, 0, 34, 241, 255, 255, 254, 255, 255, 255, 255, 255, 255, 255, 255, 255, 255, 255, 255, 255, 255, 255, 255, 255, 255, 255, 255, 255, 255, 255, 255, 255, 255, 255, 255, 255, 255, 255, 255, 255, 255, 255, 255, 255, 255, 255, 255, 255, 255, 255, 255, 255, 255, 255, 255, 255, 253, 255, 255, 24, 0, 4, 0, 7, 1, 1, 1, 1, 1, 1, 1, 1, 1, 1, 1, 1, 1, 1, 1, 1, 1, 1, 1, 1, 1, 1, 1, 1, 0, 6, 0, 0, 8, 0, 0, 101, 234, 255, 255, 255, 250, 255, 255, 253, 255, 255, 255, 255, 255, 255, 255, 255, 255, 255, 255, 255, 255, 255, 255, 255, 255, 255, 255, 255, 255, 255, 255, 255, 255, 255, 255, 255, 255, 255, 255, 255, 248, 255, 255, 250, 250, 255, 193, 13, 0
3, 2, 51, 250, 255, 255, 255, 255, 255, 255, 255, 255, 255, 255, 255, 255, 255, 255, 255, 255, 255, 255, 255, 255, 255, 255, 255, 255, 255, 255, 255, 255, 255, 255, 255, 255, 255, 255, 255, 255, 255, 255, 255, 255, 255, 255, 255, 255, 255, 255, 255, 255, 255, 255, 255, 255, 250, 255, 226, 20, 2, 0, 0, 4, 1, 1, 1, 1, 1, 1, 1, 1, 1, 1, 1, 1, 1, 1, 1, 1, 1, 1, 1, 1, 1, 1, 1, 1, 0, 13, 1, 0, 0, 0, 73, 229, 255, 254, 250, 250, 254, 255, 255, 253, 255, 255, 255, 255, 255, 255, 255, 255, 255, 255, 255, 255, 255, 255, 255, 255, 255, 255, 255, 255, 255, 255, 255, 255, 255, 255, 255, 255, 255, 255, 255, 255, 250, 255, 254, 242, 249, 255, 246, 63, 1
0, 0, 83, 252, 255, 252, 255, 252, 255, 255, 255, 255, 255, 255, 255, 255, 255, 255, 255, 255, 255, 255, 255, 255, 255, 255, 255, 255, 255, 255, 255, 255, 255, 255, 255, 255, 255, 255, 255, 255, 255, 255, 255, 255, 255, 255, 255, 255, 255, 255, 255, 255, 255, 255, 255, 255, 249, 255, 107, 2, 7, 6, 2, 0, 1, 1, 1, 1, 1, 1, 1, 1, 1, 1, 1, 1, 1, 1, 1, 1, 1, 1, 1, 1, 1, 1, 1, 1, 0, 1, 0, 0, 10, 0, 161, 255, 255, 253, 253, 255, 255, 254, 250, 252, 255, 255, 255, 255, 255, 255, 255, 255, 255, 255, 255, 255, 255, 255, 255, 255, 255, 255, 255, 255, 255, 255, 255, 255, 255, 255, 255, 255, 255, 255, 255, 255, 255, 255, 255, 252, 255, 255, 255, 115, 0
0, 0, 136, 254, 255, 254, 255, 253, 255, 255, 255, 255, 255, 255, 255, 255, 255, 255, 255, 255, 255, 255, 255, 255, 255, 255, 255, 255, 255, 255, 255, 255, 255, 255, 255, 255, 255, 255, 255, 255, 255, 255, 255, 255, 255, 255, 255, 255, 255, 255, 255, 255, 255, 255, 255, 255, 255, 250, 36, 4, 0, 0, 3, 0, 1, 1, 1, 1, 1, 1, 1, 1, 1, 1, 1, 1, 1, 1, 1, 1, 1, 1, 1, 1, 1, 1, 1, 1, 0, 0, 4, 0, 0, 24, 208, 255, 255, 255, 255, 255, 255, 250, 253, 255, 255, 255, 255, 255, 255, 255, 255, 255, 255, 255, 255, 255, 255, 255, 255, 255, 255, 255, 255, 255, 255, 255, 255, 255, 255, 255, 255, 255, 255, 255, 255, 255, 255, 254, 255, 255, 255, 243, 254, 144, 0
1, 0, 190, 255, 255, 255, 255, 255, 255, 255, 255, 255, 255, 255, 255, 255, 255, 255, 255, 255, 255, 255, 255, 255, 255, 255, 255, 255, 255, 255, 255, 255, 255, 255, 255, 255, 255, 255, 255, 255, 255, 255, 255, 255, 255, 255, 255, 255, 255, 255, 255, 255, 255, 255, 255, 255, 255, 234, 23, 10, 0, 0, 0, 6, 1, 1, 1, 1, 1, 1, 1, 1, 1, 1, 1, 1, 1, 1, 1, 1, 1, 1, 1, 1, 1, 1, 1, 1, 1, 2, 8, 0, 5, 127, 238, 255, 252, 254, 255, 253, 253, 255, 255, 255, 255, 255, 255, 255, 255, 255, 255, 255, 255, 255, 255, 255, 255, 255, 255, 255, 255, 255, 255, 255, 255, 255, 255, 255, 255, 255, 255, 255, 255, 255, 255, 255, 253, 253, 250, 255, 255, 246, 245, 173, 3
0, 0, 218, 250, 255, 253, 253, 250, 255, 255, 255, 255, 255, 255, 255, 255, 255, 255, 255, 255, 255, 255, 255, 255, 255, 255, 255, 255, 255, 255, 255, 255, 255, 255, 255, 255, 255, 255, 255, 255, 255, 255, 255, 255, 255, 255, 255, 255, 255, 255, 255, 255, 255, 255, 255, 255, 250, 192, 0, 0, 0, 17, 0, 0, 1, 1, 1, 1, 1, 1, 1, 1, 1, 1, 1, 1, 1, 1, 1, 1, 1, 1, 1, 1, 1, 1, 1, 1, 9, 0, 0, 0, 53, 255, 255, 255, 255, 255, 255, 252, 255, 255, 255, 254, 255, 255, 255, 255, 255, 255, 255, 255, 255, 255, 255, 255, 255, 255, 255, 255, 255, 255, 255, 255, 255, 255, 255, 255, 255, 255, 255, 255, 255, 255, 255, 255, 255, 255, 250, 253, 255, 255, 255, 206, 9
0, 4, 201, 247, 255, 255, 255, 252, 255, 255, 255, 255, 255, 255, 255, 255, 255, 255, 255, 255, 255, 255, 255, 255, 255, 255, 255, 255, 255, 255, 255, 255, 255, 255, 255, 255, 255, 255, 255, 255, 255, 255, 255, 255, 255, 255, 255, 255, 255, 255, 255, 255, 255, 255, 255, 255, 255, 105, 2, 0, 4, 7, 1, 0, 1, 1, 1, 1, 1, 1, 1, 1, 1, 1, 1, 1, 1, 1, 1, 1, 1, 1, 1, 1, 1, 1, 1, 1, 0, 6, 0, 2, 133, 253, 252, 255, 255, 255, 255, 255, 255, 255, 255, 255, 255, 255, 255, 255, 255, 255, 255, 255, 255, 255, 255, 255, 255, 255, 255, 255, 255, 255, 255, 255, 255, 255, 255, 255, 255, 255, 255, 255, 255, 255, 255, 255, 255, 255, 255, 253, 255, 255, 250, 239, 24
0, 3, 202, 250, 255, 254, 252, 254, 255, 255, 255, 255, 255, 255, 255, 255, 255, 255, 255, 255, 255, 255, 255, 255, 255, 255, 255, 255, 255, 255, 255, 255, 255, 255, 255, 255, 255, 255, 255, 255, 255, 255, 255, 255, 255, 255, 255, 255, 255, 255, 255, 255, 255, 255, 255, 255, 255, 89, 6, 0, 0, 0, 0, 6, 1, 1, 1, 1, 1, 1, 1, 1, 1, 1, 1, 1, 1, 1, 1, 1, 1, 1, 1, 1, 1, 1, 1, 1, 1, 3, 0, 10, 113, 255, 255, 255, 255, 255, 255, 255, 255, 255, 255, 255, 255, 255, 255, 255, 255, 255, 255, 255, 255, 255, 255, 255, 255, 255, 255, 255, 255, 255, 255, 255, 255, 255, 255, 255, 255, 255, 255, 255, 255, 255, 255, 255, 255, 255, 254, 253, 255, 255, 250, 241, 23
0, 3, 203, 255, 255, 250, 250, 255, 255, 255, 255, 255, 255, 255, 255, 255, 255, 255, 255, 255, 255, 255, 255, 255, 255, 255, 255, 255, 255, 255, 255, 255, 255, 255, 255, 255, 255, 255, 255, 255, 255, 255, 255, 255, 255, 255, 255, 255, 255, 255, 255, 255, 255, 255, 255, 255, 227, 32, 4, 0, 7, 0, 0, 4, 1, 1, 1, 1, 1, 1, 1, 1, 1, 1, 1, 1, 1, 1, 1, 1, 1, 1, 1, 1, 1, 1, 1, 1, 4, 0, 0, 8, 103, 255, 255, 255, 255, 255, 255, 255, 255, 255, 255, 255, 255, 255, 255, 255, 255, 255, 255, 255, 255, 255, 255, 255, 255, 255, 255, 255, 255, 255, 255, 255, 255, 255, 255, 255, 255, 255, 255, 255, 255, 255, 255, 255, 253, 255, 254, 253, 255, 255, 254, 245, 30
2, 1, 201, 255, 255, 253, 250, 255, 255, 255, 255, 255, 255, 255, 255, 255, 255, 255, 255, 255, 255, 255, 255, 255, 255, 255, 255, 255, 255, 255, 255, 255, 255, 255, 255, 255, 255, 255, 255, 255, 255, 255, 255, 255, 255, 255, 255, 255, 255, 255, 255, 255, 255, 255, 255, 255, 202, 0, 2, 0, 15, 0, 0, 0, 1, 1, 1, 1, 1, 1, 1, 1, 1, 1, 1, 1, 1, 1, 1, 1, 1, 1, 1, 1, 1, 1, 1, 1, 0, 0, 0, 0, 128, 252, 250, 255, 255, 255, 255, 255, 255, 255, 255, 255, 255, 255, 255, 255, 255, 255, 255, 255, 255, 255, 255, 255, 255, 255, 255, 255, 255, 255, 255, 255, 255, 255, 255, 255, 255, 255, 255, 255, 255, 255, 255, 255, 252, 254, 254, 253, 255, 255, 255, 248, 28
1, 0, 197, 252, 255, 255, 252, 255, 255, 255, 255, 255, 255, 255, 255, 255, 255, 255, 255, 255, 255, 255, 255, 255, 255, 255, 255, 255, 255, 255, 255, 255, 255, 255, 255, 255, 255, 255, 255, 255, 255, 255, 255, 255, 255, 255, 255, 255, 255, 255, 255, 255, 255, 255, 255, 255, 203, 0, 4, 0, 4, 0, 0, 5, 1, 1, 1, 1, 1, 1, 1, 1, 1, 1, 1, 1, 1, 1, 1, 1, 1, 1, 1, 1, 1, 1, 1, 1, 0, 4, 0, 2, 186, 252, 248, 255, 255, 255, 255, 255, 255, 255, 255, 255, 255, 255, 255, 255, 255, 255, 255, 255, 255, 255, 255, 255, 255, 255, 255, 255, 255, 255, 255, 255, 255, 255, 255, 255, 255, 255, 255, 255, 255, 255, 255, 255, 250, 255, 255, 253, 255, 255, 255, 250, 47
0, 5, 203, 250, 255, 254, 250, 252, 255, 255, 255, 255, 255, 255, 255, 255, 255, 255, 255, 255, 255, 255, 255, 255, 255, 255, 255, 255, 255, 255, 255, 255, 255, 255, 255, 255, 255, 255, 255, 255, 255, 255, 255, 255, 255, 255, 255, 255, 255, 255, 255, 255, 255, 255, 255, 255, 149, 0, 0, 0, 4, 0, 0, 0, 1, 1, 1, 1, 1, 1, 1, 1, 1, 1, 1, 1, 1, 1, 1, 1, 1, 1, 1, 1, 1, 1, 1, 1, 0, 11, 0, 56, 239, 255, 253, 255, 255, 255, 255, 255, 255, 255, 255, 255, 255, 255, 255, 255, 255, 255, 255, 255, 255, 255, 255, 255, 255, 255, 255, 255, 255, 255, 255, 255, 255, 255, 255, 255, 255, 255, 255, 255, 255, 255, 255, 255, 252, 255, 255, 254, 254, 255, 255, 253, 79
0, 21, 224, 255, 252, 252, 254, 253, 255, 255, 255, 255, 255, 255, 255, 255, 255, 255, 255, 255, 255, 255, 255, 255, 255, 255, 255, 255, 255, 255, 255, 255, 255, 255, 255, 255, 255, 255, 255, 255, 255, 255, 255, 255, 255, 255, 255, 255, 255, 255, 255, 255, 255, 255, 255, 255, 71, 0, 0, 7, 3, 1, 0, 0, 1, 1, 1, 1, 1, 1, 1, 1, 1, 1, 1, 1, 1, 1, 1, 1, 1, 1, 1, 1, 1, 1, 1, 1, 0, 11, 0, 139, 255, 254, 255, 255, 255, 255, 255, 255, 255, 255, 255, 255, 255, 255, 255, 255, 255, 255, 255, 255, 255, 255, 255, 255, 255, 255, 255, 255, 255, 255, 255, 255, 255, 255, 255, 255, 255, 255, 255, 255, 255, 255, 255, 255, 253, 255, 255, 254, 254, 255, 255, 253, 119
3, 36, 243, 255, 252, 253, 255, 255, 255, 255, 255, 255, 255, 255, 255, 255, 255, 255, 255, 255, 255, 255, 255, 255, 255, 255, 255, 255, 255, 255, 255, 255, 255, 255, 255, 255, 255, 255, 255, 255, 255, 255, 255, 255, 255, 255, 255, 255, 255, 255, 255, 255, 255, 255, 255, 255, 49, 6, 0, 4, 0, 0, 2, 2, 1, 1, 1, 1, 1, 1, 1, 1, 1, 1, 1, 1, 1, 1, 1, 1, 1, 1, 1, 1, 1, 1, 1, 1, 0, 5, 0, 203, 255, 250, 255, 246, 255, 255, 255, 255, 255, 255, 255, 255, 255, 255, 255, 255, 255, 255, 255, 255, 255, 255, 255, 255, 255, 255, 255, 255, 255, 255, 255, 255, 255, 255, 255, 255, 255, 255, 255, 255, 255, 255, 255, 255, 254, 255, 255, 255, 253, 255, 255, 253, 184
3, 32, 255, 255, 249, 255, 253, 255, 255, 255, 255, 255, 255, 255, 255, 255, 255, 255, 255, 255, 255, 255, 255, 255, 255, 255, 255, 255, 255, 255, 255, 255, 255, 255, 255, 255, 255, 255, 255, 255, 255, 255, 255, 255, 255, 255, 255, 255, 254, 254, 254, 254, 254, 254, 254, 254, 65, 14, 0, 0, 0, 8, 0, 1, 0, 0, 0, 1, 4, 5, 4, 2, 2, 2, 1, 0, 0, 0, 1, 2, 8, 0, 0, 3, 0, 0, 0, 11, 11, 0, 0, 192, 252, 255, 254, 255, 255, 255, 255, 255, 255, 255, 255, 255, 255, 255, 255, 255, 255, 255, 255, 255, 255, 255, 255, 255, 255, 255, 255, 255, 255, 255, 255, 255, 255, 255, 255, 255, 255, 255, 255, 255, 255, 255, 255, 255, 255, 254, 255, 255, 250, 255, 255, 247, 168
7, 30, 241, 255, 252, 255, 255, 255, 255, 255, 255, 255, 255, 255, 255, 255, 255, 255, 255, 255, 255, 255, 255, 255, 255, 255, 255, 255, 255, 255, 255, 255, 255, 255, 255, 255, 255, 255, 255, 255, 255, 255, 255, 255, 255, 255, 255, 255, 254, 254, 254, 254, 254, 254, 254, 254, 45, 1, 0, 0, 0, 7, 0, 2, 7, 5, 0, 0, 0, 0, 0, 0, 0, 2, 4, 2, 0, 0, 0, 2, 0, 0, 2, 0, 1, 16, 13, 0, 0, 0, 0, 204, 254, 255, 255, 249, 255, 255, 255, 255, 255, 255, 255, 255, 255, 255, 255, 255, 255, 255, 255, 255, 255, 255, 255, 255, 255, 255, 255, 255, 255, 255, 255, 255, 255, 255, 255, 255, 255, 255, 255, 255, 255, 255, 255, 255, 255, 253, 253, 252, 248, 255, 255, 255, 175
3, 18, 207, 255, 253, 255, 255, 255, 255, 255, 255, 255, 255, 255, 255, 255, 255, 255, 255, 255, 255, 255, 255, 255, 255, 255, 255, 255, 255, 255, 255, 255, 255, 255, 255, 255, 255, 255, 255, 255, 255, 255, 255, 255, 255, 255, 255, 255, 254, 254, 254, 254, 254, 254, 254, 254, 31, 0, 0, 0, 0, 5, 0, 1, 0, 0, 1, 4, 5, 5, 5, 4, 3, 0, 0, 0, 8, 11, 1, 0, 9, 4, 4, 4, 0, 0, 0, 7, 0, 3, 0, 213, 253, 253, 255, 246, 255, 255, 255, 255, 255, 255, 255, 255, 255, 255, 255, 255, 255, 255, 255, 255, 255, 255, 255, 255, 255, 255, 255, 255, 255, 255, 255, 255, 255, 255, 255, 255, 255, 255, 255, 255, 255, 255, 255, 255, 255, 250, 250, 255, 250, 253, 255, 255, 150
0, 4, 170, 253, 250, 255, 255, 255, 255, 255, 255, 255, 255, 255, 255, 255, 255, 255, 255, 255, 255, 255, 255, 255, 255, 255, 255, 255, 255, 255, 255, 255, 255, 255, 255, 255, 255, 255, 255, 255, 255, 255, 255, 255, 255, 255, 255, 255, 254, 254, 254, 254, 254, 254, 254, 254, 34, 0, 3, 5, 1, 3, 0, 1, 2, 0, 0, 0, 0, 0, 0, 0, 6, 10, 10, 1, 0, 0, 0, 11, 0, 0, 2, 0, 0, 9, 5, 0, 0, 5, 0, 211, 255, 245, 255, 253, 255, 255, 255, 255, 255, 255, 255, 255, 255, 255, 255, 255, 255, 255, 255, 255, 255, 255, 255, 255, 255, 255, 255, 255, 255, 255, 255, 255, 255, 255, 255, 255, 255, 255, 255, 255, 255, 255, 255, 255, 255, 247, 255, 255, 254, 248, 252, 250, 182
0, 3, 143, 255, 250, 254, 255, 255, 255, 255, 255, 255, 255, 255, 255, 255, 255, 255, 255, 255, 255, 255, 255, 255, 255, 255, 255, 255, 255, 255, 255, 255, 255, 255, 255, 255, 255, 255, 255, 255, 255, 255, 255, 255, 255, 255, 255, 255, 254, 254, 254, 254, 254, 254, 254, 254, 39, 3, 5, 4, 0, 0, 0, 4, 8, 2, 0, 0, 0, 5, 7, 6, 4, 0, 0, 7, 32, 49, 53, 48, 5, 0, 0, 12, 7, 0, 0, 18, 1, 2, 0, 195, 255, 246, 255, 255, 255, 255, 255, 255, 255, 255, 255, 255, 255, 255, 255, 255, 255, 255, 255, 255, 255, 255, 255, 255, 255, 255, 255, 255, 255, 255, 255, 255, 255, 255, 255, 255, 255, 255, 255, 255, 255, 255, 255, 255, 253, 249, 255, 255, 253, 250, 255, 255, 131
2, 7, 120, 255, 252, 250, 253, 255, 255, 255, 255, 255, 255, 255, 255, 255, 255, 255, 255, 255, 255, 255, 255, 255, 255, 255, 255, 255, 255, 255, 255, 255, 255, 255, 255, 255, 255, 255, 255, 255, 255, 255, 255, 255, 255, 255, 255, 255, 254, 254, 254, 254, 254, 254, 254, 254, 36, 0, 0, 0, 0, 0, 0, 6, 0, 0, 4, 7, 5, 0, 0, 0, 0, 6, 60, 141, 221, 255, 255, 249, 198, 110, 22, 0, 0, 0, 0, 0, 0, 0, 0, 152, 255, 253, 253, 255, 255, 255, 255, 255, 255, 255, 255, 255, 255, 255, 255, 255, 255, 255, 255, 255, 255, 255, 255, 255, 255, 255, 255, 255, 255, 255, 255, 255, 255, 255, 255, 255, 255, 255, 255, 255, 255, 255, 255, 255, 255, 253, 255, 255, 250, 255, 255, 255, 60
5, 3, 92, 255, 254, 253, 253, 255, 255, 255, 255, 255, 255, 255, 255, 255, 255, 255, 255, 255, 255, 255, 255, 255, 255, 255, 255, 255, 255, 255, 255, 255, 255, 255, 255, 255, 255, 255, 255, 255, 255, 255, 255, 255, 255, 255, 255, 255, 254, 254, 254, 254, 254, 254, 254, 254, 36, 0, 0, 0, 0, 3, 0, 4, 0, 2, 8, 1, 0, 0, 14, 32, 104, 162, 231, 255, 255, 247, 250, 255, 240, 255, 227, 92, 0, 3, 17, 0, 0, 0, 0, 72, 241, 255, 250, 255, 255, 255, 255, 255, 255, 255, 255, 255, 255, 255, 255, 255, 255, 255, 255, 255, 255, 255, 255, 255, 255, 255, 255, 255, 255, 255, 255, 255, 255, 255, 255, 255, 255, 255, 255, 255, 255, 255, 255, 255, 255, 255, 255, 250, 252, 255, 253, 219, 18
1, 0, 68, 255, 254, 255, 254, 253, 255, 255, 255, 255, 255, 255, 255, 255, 255, 255, 255, 255, 255, 255, 255, 255, 255, 255, 255, 255, 255, 255, 255, 255, 255, 255, 255, 255, 255, 255, 255, 255, 255, 255, 255, 255, 255, 255, 255, 255, 254, 254, 254, 254, 254, 254, 254, 254, 40, 1, 0, 3, 2, 6, 0, 0, 0, 3, 1, 0, 9, 68, 160, 230, 255, 255, 255, 255, 255, 254, 255, 255, 255, 240, 246, 255, 215, 107, 18, 0, 0, 2, 0, 2, 203, 250, 252, 255, 255, 255, 255, 255, 255, 255, 255, 255, 255, 255, 255, 255, 255, 255, 255, 255, 255, 255, 255, 255, 255, 255, 255, 255, 255, 255, 255, 255, 255, 255, 255, 255, 255, 255, 255, 255, 255, 255, 255, 255, 254, 254, 255, 253, 255, 255, 232, 174, 0
0, 7, 47, 249, 255, 252, 255, 248, 255, 255, 255, 255, 255, 255, 255, 255, 255, 255, 255, 255, 255, 255, 254, 254, 255, 255, 252, 252, 254, 254, 252, 249, 254, 254, 254, 254, 254, 254, 254, 254, 255, 255, 255, 255, 255, 255, 255, 255, 254, 254, 254, 254, 254, 254, 254, 254, 36, 6, 2, 2, 2, 0, 0, 19, 5, 2, 29, 103, 195, 255, 255, 249, 255, 255, 255, 255, 255, 255, 255, 255, 250, 255, 255, 249, 255, 249, 151, 35, 0, 5, 6, 6, 45, 255, 241, 255, 255, 255, 255, 255, 255, 255, 255, 255, 255, 255, 255, 255, 255, 255, 255, 255, 255, 255, 255, 255, 255, 255, 255, 255, 255, 255, 255, 255, 255, 255, 255, 255, 255, 255, 255, 255, 255, 255, 255, 255, 250, 255, 254, 255, 253, 252, 250, 70, 1
1, 0, 20, 223, 255, 249, 255, 253, 255, 255, 255, 255, 255, 255, 255, 255, 255, 255, 255, 255, 254, 254, 254, 254, 255, 255, 255, 255, 255, 255, 255, 255, 255, 255, 255, 254, 254, 254, 254, 254, 255, 255, 255, 255, 255, 255, 255, 255, 254, 254, 254, 254, 254, 254, 254, 254, 40, 7, 0, 0, 6, 4, 0, 26, 110, 165, 233, 255, 255, 252, 255, 255, 255, 255, 255, 255, 255, 255, 255, 255, 248, 255, 253, 248, 255, 255, 255, 227, 164, 96, 31, 0, 80, 255, 255, 249, 255, 255, 255, 255, 255, 255, 255, 255, 255, 255, 255, 255, 255, 255, 255, 255, 255, 255, 255, 255, 255, 255, 255, 255, 255, 255, 255, 255, 255, 255, 255, 255, 255, 255, 255, 255, 255, 255, 255, 255, 255, 246, 249, 247, 250, 255, 199, 7, 1
5, 0, 0, 175, 255, 255, 255, 255, 255, 255, 255, 255, 255, 255, 255, 255, 254, 254, 254, 254, 254, 254, 254, 255, 253, 252, 250, 250, 253, 254, 254, 253, 255, 255, 255, 255, 254, 253, 253, 253, 255, 255, 255, 255, 255, 255, 255, 255, 254, 254, 254, 254, 254, 254, 254, 254, 39, 0, 7, 24, 0, 59, 180, 255, 255, 255, 255, 255, 255, 255, 253, 250, 255, 255, 255, 255, 255, 255, 255, 255, 255, 255, 255, 254, 246, 242, 253, 255, 255, 250, 253, 205, 232, 255, 255, 250, 255, 255, 255, 255, 255, 255, 255, 255, 255, 255, 255, 255, 255, 255, 255, 255, 255, 255, 255, 255, 255, 255, 255, 255, 255, 255, 255, 255, 255, 255, 255, 255, 255, 255, 255, 255, 255, 255, 255, 255, 255, 227, 255, 255, 255, 247, 51, 4, 1
0, 7, 0, 128, 250, 255, 255, 254, 255, 255, 255, 255, 255, 255, 255, 255, 254, 254, 254, 255, 255, 255, 255, 255, 255, 255, 255, 252, 252, 254, 255, 255, 255, 255, 255, 255, 254, 253, 252, 252, 255, 255, 255, 255, 255, 255, 255, 255, 254, 254, 254, 254, 254, 254, 254, 254, 34, 7, 0, 23, 138, 252, 255, 237, 255, 255, 249, 247, 250, 253, 253, 252, 255, 255, 255, 255, 255, 255, 255, 255, 255, 250, 255, 255, 255, 250, 246, 252, 242, 249, 255, 254, 255, 240, 254, 238, 255, 255, 255, 255, 255, 255, 255, 255, 255, 255, 255, 255, 255, 255, 255, 255, 255, 255, 255, 255, 255, 255, 255, 255, 255, 255, 255, 255, 255, 255, 255, 255, 255, 255, 255, 255, 255, 255, 255, 255, 239, 255, 255, 255, 249, 186, 0, 0, 1
0, 2, 1, 116, 255, 255, 243, 252, 255, 255, 255, 255, 255, 255, 255, 255, 255, 255, 255, 255, 255, 255, 255, 255, 253, 254, 254, 254, 253, 253, 253, 253, 255, 255, 255, 255, 254, 253, 253, 253, 255, 255, 255, 255, 255, 255, 255, 255, 254, 254, 254, 254, 254, 254, 254, 254, 104, 2, 84, 231, 255, 250, 255, 255, 247, 254, 255, 255, 255, 255, 255, 255, 255, 255, 255, 255, 255, 255, 255, 255, 255, 252, 250, 254, 255, 255, 255, 255, 255, 254, 242, 246, 255, 248, 255, 255, 255, 255, 255, 255, 255, 255, 255, 255, 255, 255, 255, 255, 255, 255, 255, 255, 255, 255, 255, 255, 255, 255, 255, 255, 255, 255, 255, 255, 255, 255, 255, 255, 255, 255, 255, 255, 255, 255, 255, 255, 245, 255, 250, 236, 249, 26, 7, 0, 1
5, 0, 8, 121, 255, 255, 238, 255, 255, 255, 255, 255, 255, 255, 255, 255, 255, 255, 255, 255, 255, 255, 254, 254, 247, 252, 255, 255, 255, 255, 254, 253, 254, 254, 254, 254, 254, 254, 254, 254, 255, 255, 255, 255, 255, 255, 255, 255, 254, 254, 254, 254, 254, 254, 254, 254, 250, 241, 247, 252, 255, 255, 240, 255, 255, 254, 239, 239, 252, 255, 255, 252, 255, 255, 255, 255, 255, 255, 255, 255, 253, 255, 255, 248, 243, 247, 250, 248, 253, 255, 255, 255, 254, 240, 248, 255, 255, 255, 255, 255, 255, 255, 255, 255, 255, 255, 255, 255, 255, 255, 255, 255, 255, 255, 255, 255, 255, 255, 255, 255, 255, 255, 255, 255, 255, 255, 255, 255, 255, 255, 255, 255, 255, 255, 255, 255, 255, 255, 250, 245, 73, 0, 0, 16, 1
8, 0, 7, 79, 249, 252, 253, 255, 255, 255, 255, 255, 255, 255, 255, 255, 255, 255, 255, 254, 252, 250, 250, 250, 255, 255, 255, 250, 246, 247, 250, 255, 252, 252, 253, 254, 255, 255, 255, 255, 255, 255, 255, 255, 255, 255, 255, 255, 254, 254, 254, 254, 254, 254, 254, 254, 255, 243, 255, 255, 239, 249, 255, 255, 245, 255, 255, 255, 255, 252, 252, 255, 255, 255, 255, 255, 255, 255, 255, 255, 245, 252, 255, 255, 255, 255, 255, 255, 254, 243, 245, 242, 255, 255, 255, 255, 255, 255, 255, 255, 255, 255, 255, 255, 255, 255, 255, 255, 255, 255, 255, 255, 255, 255, 255, 255, 255, 255, 255, 255, 255, 255, 255, 255, 255, 255, 255, 255, 255, 255, 255, 255, 255, 255, 255, 255, 250, 226, 255, 60, 0, 0, 17, 0, 1
0, 2, 0, 13, 187, 246, 255, 247, 255, 255, 255, 255, 255, 255, 255, 255, 255, 255, 253, 252, 250, 248, 247, 246, 245, 233, 214, 195, 186, 193, 209, 221, 250, 250, 252, 254, 255, 255, 255, 255, 255, 255, 255, 255, 255, 255, 255, 255, 254, 254, 254, 254, 254, 254, 254, 254, 249, 255, 255, 248, 255, 255, 245, 255, 255, 255, 254, 252, 253, 254, 254, 255, 255, 255, 255, 255, 255, 255, 255, 255, 255, 250, 247, 255, 255, 250, 248, 254, 253, 252, 255, 245, 255, 252, 254, 252, 255, 255, 255, 255, 255, 255, 255, 255, 255, 255, 255, 255, 255, 255, 255, 255, 255, 255, 255, 255, 255, 255, 255, 255, 255, 255, 255, 255, 255, 255, 255, 255, 255, 255, 255, 255, 255, 255, 255, 255, 247, 215, 26, 13, 0, 0, 0, 6, 1
0, 12, 0, 0, 48, 147, 165, 115, 102, 95, 93, 104, 118, 119, 104, 90, 79, 75, 67, 56, 46, 36, 29, 24, 22, 17, 9, 2, 0, 1, 6, 9, 21, 45, 92, 144, 174, 179, 176, 175, 175, 193, 219, 239, 249, 252, 254, 255, 248, 255, 255, 249, 255, 248, 255, 243, 255, 255, 255, 255, 255, 255, 255, 255, 255, 255, 255, 255, 255, 255, 255, 255, 255, 255, 255, 255, 255, 255, 255, 255, 255, 255, 255, 255, 255, 255, 255, 255, 255, 248, 255, 248, 255, 255, 255, 247, 107, 123, 204, 255, 255, 248, 247, 255, 250, 253, 255, 255, 255, 255, 255, 255, 255, 255, 255, 254, 254, 255, 255, 255, 255, 255, 255, 255, 255, 255, 255, 255, 255, 252, 252, 255, 255, 250, 248, 250, 58, 24, 0, 0, 2, 1, 0, 4, 1
8, 6, 0, 0, 0, 12, 12, 2, 0, 0, 0, 0, 4, 5, 0, 0, 1, 1, 1, 0, 0, 0, 0, 0, 5, 3, 0, 0, 0, 0, 0, 0, 2, 0, 0, 4, 5, 0, 0, 4, 0, 2, 13, 24, 42, 65, 91, 109, 192, 223, 246, 253, 255, 255, 247, 255, 255, 255, 255, 255, 255, 255, 255, 255, 255, 255, 255, 255, 255, 255, 255, 255, 255, 255, 255, 255, 255, 255, 255, 255, 255, 255, 255, 255, 255, 255, 255, 255, 255, 247, 255, 253, 255, 253, 252, 223, 8, 6, 0, 109, 243, 255, 255, 255, 255, 255, 250, 243, 242, 246, 253, 255, 255, 255, 255, 255, 255, 254, 252, 250, 255, 255, 253, 248, 246, 249, 255, 255, 237, 255, 255, 246, 254, 247, 147, 22, 16, 1, 0, 1, 4, 0, 0, 0, 1
0, 0, 0, 7, 1, 0, 0, 1, 3, 4, 4, 2, 0, 0, 4, 7, 0, 0, 0, 0, 0, 0, 0, 1, 0, 0, 0, 1, 1, 0, 0, 0, 5, 0, 0, 0, 0, 0, 0, 1, 0, 1, 0, 0, 0, 0, 6, 13, 0, 43, 104, 166, 227, 255, 234, 250, 255, 255, 255, 255, 255, 255, 255, 255, 255, 255, 255, 255, 255, 255, 255, 255, 255, 255, 255, 255, 255, 255, 255, 255, 255, 255, 255, 255, 255, 255, 255, 255, 255, 248, 255, 255, 255, 253, 252, 204, 2, 4, 11, 0, 65, 235, 255, 237, 245, 252, 255, 255, 255, 255, 254, 247, 253, 253, 254, 255, 255, 255, 255, 255, 252, 255, 255, 255, 255, 255, 255, 253, 255, 247, 250, 252, 184, 69, 1, 0, 0, 0, 0, 8, 7, 0, 0, 4, 1
0, 1, 0, 0, 0, 7, 8, 1, 0, 0, 0, 0, 0, 0, 0, 1, 9, 8, 7, 5, 2, 0, 0, 0, 0, 0, 2, 4, 5, 4, 3, 2, 0, 0, 0, 3, 4, 0, 0, 0, 0, 4, 9, 9, 4, 0, 0, 0, 4, 0, 0, 0, 55, 186, 255, 255, 255, 255, 255, 255, 255, 255, 255, 255, 255, 255, 255, 255, 255, 255, 255, 255, 255, 255, 255, 255, 255, 255, 255, 255, 255, 255, 255, 255, 255, 255, 255, 255, 255, 250, 255, 250, 254, 255, 255, 195, 0, 6, 0, 0, 1, 82, 239, 255, 255, 253, 250, 248, 249, 253, 255, 255, 255, 255, 255, 253, 252, 250, 252, 253, 249, 247, 248, 252, 255, 254, 247, 240, 198, 205, 147, 36, 0, 0, 7, 0, 2, 0, 3, 6, 3, 0, 0, 8, 1
0, 6, 0, 0, 0, 4, 3, 0, 4, 3, 2, 2, 1, 0, 0, 0, 0, 0, 0, 0, 0, 0, 0, 0, 0, 0, 0, 0, 0, 0, 0, 0, 8, 6, 3, 0, 0, 0, 0, 0, 0, 0, 0, 0, 0, 4, 10, 14, 3, 2, 11, 0, 0, 62, 241, 242, 255, 255, 255, 255, 255, 255, 255, 255, 255, 255, 255, 255, 255, 255, 255, 255, 255, 255, 255, 255, 255, 255, 255, 255, 255, 255, 255, 255, 255, 255, 255, 255, 255, 253, 255, 252, 253, 255, 255, 168, 15, 0, 9, 1, 7, 1, 15, 144, 161, 178, 205, 231, 249, 255, 255, 253, 245, 249, 255, 255, 255, 255, 255, 255, 255, 234, 180, 131, 93, 60, 32, 13, 1, 0, 0, 11, 17, 6, 2, 9, 5, 1, 0, 0, 0, 0, 0, 0, 1
0, 0, 5, 8, 3, 0, 2, 9, 1, 0, 0, 0, 2, 2, 0, 0, 0, 0, 1, 2, 4, 5, 6, 6, 2, 1, 0, 0, 0, 0, 0, 0, 0, 0, 0, 0, 0, 3, 6, 5, 5, 2, 0, 0, 0, 0, 0, 0, 0, 0, 12, 8, 0, 0, 214, 254, 255, 255, 255, 255, 255, 255, 255, 255, 255, 255, 255, 255, 255, 255, 255, 255, 255, 255, 255, 255, 255, 255, 255, 255, 255, 255, 255, 255, 255, 255, 255, 255, 252, 252, 255, 255, 255, 254, 252, 130, 0, 12, 0, 0, 1, 0, 16, 0, 2, 0, 1, 11, 32, 63, 93, 112, 182, 183, 182, 172, 153, 125, 97, 82, 39, 20, 0, 0, 0, 5, 4, 0, 5, 7, 8, 3, 0, 0, 0, 0, 0, 0, 0, 0, 3, 2, 0, 0, 1
0, 0, 4, 9, 0, 0, 0, 0, 4, 3, 2, 3, 4, 4, 2, 0, 0, 0, 0, 0, 0, 0, 0, 0, 2, 2, 1, 0, 0, 0, 0, 0, 0, 6, 10, 7, 5, 6, 0, 0, 0, 1, 4, 7, 8, 6, 3, 0, 10, 0, 8, 14, 11, 0, 167, 248, 255, 255, 255, 255, 255, 255, 255, 255, 255, 255, 255, 255, 255, 255, 255, 255, 255, 255, 255, 255, 255, 255, 255, 255, 255, 255, 255, 255, 255, 255, 255, 255, 250, 253, 255, 255, 255, 254, 252, 110, 24, 0, 11, 10, 0, 9, 4, 0, 0, 0, 0, 0, 0, 0, 0, 0, 0, 0, 4, 9, 8, 1, 0, 0, 6, 2, 0, 4, 10, 11, 4, 0, 0, 0, 0, 0, 4, 18, 13, 0, 0, 0, 1, 3, 5, 6, 3, 0, 1
0, 0, 0, 0, 0, 7, 7, 0, 0, 0, 1, 0, 0, 0, 0, 2, 0, 0, 0, 0, 0, 0, 0, 0, 0, 0, 0, 0, 0, 0, 0, 0, 0, 2, 0, 0, 0, 0, 2, 0, 2, 0, 0, 0, 0, 0, 0, 0, 0, 4, 1, 0, 0, 7, 137, 255, 255, 255, 255, 255, 255, 255, 255, 255, 255, 255, 255, 255, 255, 255, 255, 255, 255, 255, 255, 255, 255, 255, 255, 255, 255, 255, 255, 255, 255, 255, 255, 255, 255, 255, 255, 255, 252, 255, 255, 116, 0, 9, 0, 0, 11, 1, 0, 5, 0, 0, 0, 0, 1, 2, 3, 4, 2, 0, 0, 0, 0, 0, 3, 5, 0, 0, 0, 0, 0, 0, 0, 2, 0, 0, 4, 6, 0, 0, 0, 7, 2, 3, 1, 0, 0, 0, 4, 5, 1
1, 1, 1, 1, 1, 1, 1, 1, 1, 1, 1, 1, 1, 1, 1, 1, 1, 1, 1, 1, 1, 1, 1, 1, 1, 1, 1, 1, 1, 1, 1, 1, 1, 1, 1, 1, 1, 1, 1, 1, 1, 1, 1, 1, 1, 1, 1, 1, 0, 1, 8, 0, 4, 12, 120, 249, 255, 255, 255, 255, 255, 255, 255, 245, 255, 255, 255, 255, 255, 255, 255, 255, 255, 255, 255, 255, 255, 255, 255, 255, 255, 255, 255, 255, 255, 255, 255, 255, 255, 255, 255, 250, 249, 252, 255, 131, 1, 1, 1, 1, 1, 1, 1, 1, 1, 1, 1, 1, 1, 1, 1, 1, 1, 1, 1, 1, 1, 1, 1, 1, 1, 1, 1, 1, 1, 1, 1, 1, 1, 1, 1, 1, 1, 1, 1, 1, 1, 1, 1, 1, 1, 1, 1, 1, 1
1, 1, 1, 1, 1, 1, 1, 1, 1, 1, 1, 1, 1, 1, 1, 1, 1, 1, 1, 1, 1, 1, 1, 1, 1, 1, 1, 1, 1, 1, 1, 1, 1, 1, 1, 1, 1, 1, 1, 1, 1, 1, 1, 1, 1, 1, 1, 1, 2, 0, 0, 8, 0, 0, 139, 255, 252, 252, 250, 248, 250, 255, 255, 255, 255, 255, 255, 255, 255, 255, 255, 255, 255, 255, 255, 255, 255, 255, 255, 255, 255, 255, 255, 255, 255, 255, 255, 255, 255, 254, 248, 252, 255, 248, 255, 81, 1, 1, 1, 1, 1, 1, 1, 1, 1, 1, 1, 1, 1, 1, 1, 1, 1, 1, 1, 1, 1, 1, 1, 1, 1, 1, 1, 1, 1, 1, 1, 1, 1, 1, 1, 1, 1, 1, 1, 1, 1, 1, 1, 1, 1, 1, 1, 1, 1
1, 1, 1, 1, 1, 1, 1, 1, 1, 1, 1, 1, 1, 1, 1, 1, 1, 1, 1, 1, 1, 1, 1, 1, 1, 1, 1, 1, 1, 1, 1, 1, 1, 1, 1, 1, 1, 1, 1, 1, 1, 1, 1, 1, 1, 1, 1, 1, 5, 0, 0, 18, 0, 0, 155, 253, 255, 255, 255, 255, 253, 250, 254, 255, 255, 255, 255, 255, 255, 255, 255, 255, 255, 255, 255, 255, 255, 255, 255, 255, 255, 255, 255, 255, 255, 255, 255, 255, 255, 250, 250, 252, 255, 241, 255, 34, 1, 1, 1, 1, 1, 1, 1, 1, 1, 1, 1, 1, 1, 1, 1, 1, 1, 1, 1, 1, 1, 1, 1, 1, 1, 1, 1, 1, 1, 1, 1, 1, 1, 1, 1, 1, 1, 1, 1, 1, 1, 1, 1, 1, 1, 1, 1, 1, 1
1, 1, 1, 1, 1, 1, 1, 1, 1, 1, 1, 1, 1, 1, 1, 1, 1, 1, 1, 1, 1, 1, 1, 1, 1, 1, 1, 1, 1, 1, 1, 1, 1, 1, 1, 1, 1, 1, 1, 1, 1, 1, 1, 1, 1, 1, 1, 1, 1, 4, 0, 2, 0, 13, 143, 247, 255, 254, 255, 255, 255, 253, 250, 253, 255, 255, 255, 255, 255, 255, 255, 255, 255, 255, 255, 255, 255, 255, 255, 255, 255, 255, 255, 255, 255, 255, 255, 255, 254, 250, 255, 249, 250, 248, 234, 16, 1, 1, 1, 1, 1, 1, 1, 1, 1, 1, 1, 1, 1, 1, 1, 1, 1, 1, 1, 1, 1, 1, 1, 1, 1, 1, 1, 1, 1, 1, 1, 1, 1, 1, 1, 1, 1, 1, 1, 1, 1, 1, 1, 1, 1, 1, 1, 1, 1
1, 1, 1, 1, 1, 1, 1, 1, 1, 1, 1, 1, 1, 1, 1, 1, 1, 1, 1, 1, 1, 1, 1, 1, 1, 1, 1, 1, 1, 1, 1, 1, 1, 1, 1, 1, 1, 1, 1, 1, 1, 1, 1, 1, 1, 1, 1, 1, 0, 2, 0, 0, 0, 20, 96, 255, 252, 247, 248, 254, 255, 255, 254, 254, 255, 255, 255, 255, 255, 255, 255, 255, 255, 255, 255, 255, 255, 255, 255, 255, 255, 255, 255, 255, 255, 255, 255, 255, 252, 249, 255, 250, 241, 255, 180, 8, 1, 1, 1, 1, 1, 1, 1, 1, 1, 1, 1, 1, 1, 1, 1, 1, 1, 1, 1, 1, 1, 1, 1, 1, 1, 1, 1, 1, 1, 1, 1, 1, 1, 1, 1, 1, 1, 1, 1, 1, 1, 1, 1, 1, 1, 1, 1, 1, 1
1, 1, 1, 1, 1, 1, 1, 1, 1, 1, 1, 1, 1, 1, 1, 1, 1, 1, 1, 1, 1, 1, 1, 1, 1, 1, 1, 1, 1, 1, 1, 1, 1, 1, 1, 1, 1, 1, 1, 1, 1, 1, 1, 1, 1, 1, 1, 1, 4, 0, 1, 0, 4, 2, 42, 255, 255, 255, 255, 252, 252, 255, 255, 255, 255, 255, 255, 255, 255, 255, 255, 255, 255, 255, 255, 255, 255, 255, 255, 255, 255, 255, 255, 255, 255, 255, 255, 255, 255, 249, 255, 255, 255, 255, 104, 0, 1, 1, 1, 1, 1, 1, 1, 1, 1, 1, 1, 1, 1, 1, 1, 1, 1, 1, 1, 1, 1, 1, 1, 1, 1, 1, 1, 1, 1, 1, 1, 1, 1, 1, 1, 1, 1, 1, 1, 1, 1, 1, 1, 1, 1, 1, 1, 1, 1
1, 1, 1, 1, 1, 1, 1, 1, 1, 1, 1, 1, 1, 1, 1, 1, 1, 1, 1, 1, 1, 1, 1, 1, 1, 1, 1, 1, 1, 1, 1, 1, 1, 1, 1, 1, 1, 1, 1, 1, 1, 1, 1, 1, 1, 1, 1, 1, 2, 1, 0, 7, 4, 0, 6, 147, 233, 255, 255, 255, 249, 255, 255, 250, 255, 255, 255, 255, 255, 255, 255, 255, 255, 255, 255, 255, 255, 255, 255, 255, 255, 255, 255, 255, 255, 255, 255, 255, 255, 255, 253, 254, 255, 189, 26, 0, 1, 1, 1, 1, 1, 1, 1, 1, 1, 1, 1, 1, 1, 1, 1, 1, 1, 1, 1, 1, 1, 1, 1, 1, 1, 1, 1, 1, 1, 1, 1, 1, 1, 1, 1, 1, 1, 1, 1, 1, 1, 1, 1, 1, 1, 1, 1, 1, 1
1, 1, 1, 1, 1, 1, 1, 1, 1, 1, 1, 1, 1, 1, 1, 1, 1, 1, 1, 1, 1, 1, 1, 1, 1, 1, 1, 1, 1, 1, 1, 1, 1, 1, 1, 1, 1, 1, 1, 1, 1, 1, 1, 1, 1, 1, 1, 1, 0, 11, 0, 8, 1, 7, 0, 17, 178, 224, 255, 255, 249, 255, 255, 250, 255, 255, 255, 255, 255, 255, 255, 255, 255, 255, 255, 255, 255, 255, 255, 255, 255, 255, 255, 255, 255, 255, 255, 255, 254, 255, 249, 250, 255, 101, 0, 14, 1, 1, 1, 1, 1, 1, 1, 1, 1, 1, 1, 1, 1, 1, 1, 1, 1, 1, 1, 1, 1, 1, 1, 1, 1, 1, 1, 1, 1, 1, 1, 1, 1, 1, 1, 1, 1, 1, 1, 1, 1, 1, 1, 1, 1, 1, 1, 1, 1
1, 1, 1, 1, 1, 1, 1, 1, 1, 1, 1, 1, 1, 1, 1, 1, 1, 1, 1, 1, 1, 1, 1, 1, 1, 1, 1, 1, 1, 1, 1, 1, 1, 1, 1, 1, 1, 1, 1, 1, 1, 1, 1, 1, 1, 1, 1, 1, 1, 1, 1, 1, 1, 1, 1, 1, 0, 104, 243, 255, 252, 255, 254, 255, 255, 255, 255, 255, 255, 255, 255, 255, 255, 255, 255, 255, 255, 255, 255, 255, 255, 249, 250, 255, 255, 255, 255, 254, 247, 253, 255, 246, 223, 0, 9, 0, 1, 1, 1, 1, 1, 1, 1, 1, 1, 1, 1, 1, 1, 1, 1, 1, 1, 1, 1, 1, 1, 1, 1, 1, 1, 1, 1, 1, 1, 1, 1, 1, 1, 1, 1, 1, 1, 1, 1, 1, 1, 1, 1, 1, 1, 1, 1, 1, 1
1, 1, 1, 1, 1, 1, 1, 1, 1, 1, 1, 1, 1, 1, 1, 1, 1, 1, 1, 1, 1, 1, 1, 1, 1, 1, 1, 1, 1, 1, 1, 1, 1, 1, 1, 1, 1, 1, 1, 1, 1, 1, 1, 1, 1, 1, 1, 1, 1, 1, 1, 1, 1, 1, 1, 1, 0, 17, 150, 254, 255, 234, 255, 250, 255, 255, 255, 255, 255, 255, 255, 255, 255, 255, 255, 255, 255, 255, 255, 255, 249, 255, 255, 255, 254, 253, 254, 253, 255, 242, 254, 255, 107, 12, 0, 17, 1, 1, 1, 1, 1, 1, 1, 1, 1, 1, 1, 1, 1, 1, 1, 1, 1, 1, 1, 1, 1, 1, 1, 1, 1, 1, 1, 1, 1, 1, 1, 1, 1, 1, 1, 1, 1, 1, 1, 1, 1, 1, 1, 1, 1, 1, 1, 1, 1
1, 1, 1, 1, 1, 1, 1, 1, 1, 1, 1, 1, 1, 1, 1, 1, 1, 1, 1, 1, 1, 1, 1, 1, 1, 1, 1, 1, 1, 1, 1, 1, 1, 1, 1, 1, 1, 1, 1, 1, 1, 1, 1, 1, 1, 1, 1, 1, 1, 1, 1, 1, 1, 1, 1, 1, 0, 0, 28, 245, 255, 255, 246, 255, 255, 255, 255, 255, 255, 255, 255, 255, 255, 255, 255, 255, 255, 255, 255, 255, 250, 255, 255, 245, 249, 255, 255, 255, 229, 255, 237, 205, 2, 7, 0, 1, 1, 1, 1, 1, 1, 1, 1, 1, 1, 1, 1, 1, 1, 1, 1, 1, 1, 1, 1, 1, 1, 1, 1, 1, 1, 1, 1, 1, 1, 1, 1, 1, 1, 1, 1, 1, 1, 1, 1, 1, 1, 1, 1, 1, 1, 1, 1, 1, 1
1, 1, 1, 1, 1, 1, 1, 1, 1, 1, 1, 1, 1, 1, 1, 1, 1, 1, 1, 1, 1, 1, 1, 1, 1, 1, 1, 1, 1, 1, 1, 1, 1, 1, 1, 1, 1, 1, 1, 1, 1, 1, 1, 1, 1, 1, 1, 1, 1, 1, 1, 1, 1, 1, 1, 1, 10, 0, 8, 112, 255, 250, 250, 255, 255, 255, 255, 255, 255, 255, 255, 255, 255, 255, 255, 255, 255, 255, 255, 255, 254, 255, 250, 243, 255, 255, 248, 249, 249, 239, 230, 20, 1, 9, 4, 0, 1, 1, 1, 1, 1, 1, 1, 1, 1, 1, 1, 1, 1, 1, 1, 1, 1, 1, 1, 1, 1, 1, 1, 1, 1, 1, 1, 1, 1, 1, 1, 1, 1, 1, 1, 1, 1, 1, 1, 1, 1, 1, 1, 1, 1, 1, 1, 1, 1
1, 1, 1, 1, 1, 1, 1, 1, 1, 1, 1, 1, 1, 1, 1, 1, 1, 1, 1, 1, 1, 1, 1, 1, 1, 1, 1, 1, 1, 1, 1, 1, 1, 1, 1, 1, 1, 1, 1, 1, 1, 1, 1, 1, 1, 1, 1, 1, 1, 1, 1, 1, 1, 1, 1, 1, 5, 0, 1, 13, 183, 255, 255, 247, 255, 255, 255, 255, 255, 255, 255, 255, 255, 255, 255, 255, 255, 255, 255, 255, 249, 252, 255, 255, 255, 250, 243, 247, 255, 220, 17, 14, 0, 6, 4, 0, 1, 1, 1, 1, 1, 1, 1, 1, 1, 1, 1, 1, 1, 1, 1, 1, 1, 1, 1, 1, 1, 1, 1, 1, 1, 1, 1, 1, 1, 1, 1, 1, 1, 1, 1, 1, 1, 1, 1, 1, 1, 1, 1, 1, 1, 1, 1, 1, 1
1, 1, 1, 1, 1, 1, 1, 1, 1, 1, 1, 1, 1, 1, 1, 1, 1, 1, 1, 1, 1, 1, 1, 1, 1, 1, 1, 1, 1, 1, 1, 1, 1, 1, 1, 1, 1, 1, 1, 1, 1, 1, 1, 1, 1, 1, 1, 1, 1, 1, 1, 1, 1, 1, 1, 1, 0, 0, 0, 16, 41, 245, 255, 255, 255, 255, 255, 255, 255, 255, 255, 255, 255, 255, 255, 255, 255, 255, 255, 255, 255, 250, 255, 255, 247, 252, 255, 255, 211, 49, 0, 0, 3, 0, 1, 3, 1, 1, 1, 1, 1, 1, 1, 1, 1, 1, 1, 1, 1, 1, 1, 1, 1, 1, 1, 1, 1, 1, 1, 1, 1, 1, 1, 1, 1, 1, 1, 1, 1, 1, 1, 1, 1, 1, 1, 1, 1, 1, 1, 1, 1, 1, 1, 1, 1
1, 1, 1, 1, 1, 1, 1, 1, 1, 1, 1, 1, 1, 1, 1, 1, 1, 1, 1, 1, 1, 1, 1, 1, 1, 1, 1, 1, 1, 1, 1, 1, 1, 1, 1, 1, 1, 1, 1, 1, 1, 1, 1, 1, 1, 1, 1, 1, 1, 1, 1, 1, 1, 1, 1, 1, 5, 0, 17, 0, 11, 115, 239, 255, 255, 255, 255, 255, 255, 255, 255, 255, 255, 255, 255, 255, 255, 255, 255, 255, 255, 249, 255, 254, 237, 255, 255, 205, 48, 0, 0, 15, 0, 0, 13, 0, 1, 1, 1, 1, 1, 1, 1, 1, 1, 1, 1, 1, 1, 1, 1, 1, 1, 1, 1, 1, 1, 1, 1, 1, 1, 1, 1, 1, 1, 1, 1, 1, 1, 1, 1, 1, 1, 1, 1, 1, 1, 1, 1, 1, 1, 1, 1, 1, 1
1, 1, 1, 1, 1, 1, 1, 1, 1, 1, 1, 1, 1, 1, 1, 1, 1, 1, 1, 1, 1, 1, 1, 1, 1, 1, 1, 1, 1, 1, 1, 1, 1, 1, 1, 1, 1, 1, 1, 1, 1, 1, 1, 1, 1, 1, 1, 1, 1, 1, 1, 1, 1, 1, 1, 1, 0, 7, 0, 0, 0, 10, 149, 248, 255, 255, 255, 255, 255, 255, 255, 255, 255, 255, 255, 255, 255, 255, 255, 255, 255, 241, 255, 255, 249, 255, 202, 56, 8, 0, 16, 0, 2, 22, 0, 10, 1, 1, 1, 1, 1, 1, 1, 1, 1, 1, 1, 1, 1, 1, 1, 1, 1, 1, 1, 1, 1, 1, 1, 1, 1, 1, 1, 1, 1, 1, 1, 1, 1, 1, 1, 1, 1, 1, 1, 1, 1, 1, 1, 1, 1, 1, 1, 1, 1
1, 1, 1, 1, 1, 1, 1, 1, 1, 1, 1, 1, 1, 1, 1, 1, 1, 1, 1, 1, 1, 1, 1, 1, 1, 1, 1, 1, 1, 1, 1, 1, 1, 1, 1, 1, 1, 1, 1, 1, 1, 1, 1, 1, 1, 1, 1, 1, 1, 1, 1, 1, 1, 1, 1, 1, 1, 0, 0, 10, 0, 0, 32, 104, 250, 255, 249, 248, 255, 255, 250, 252, 253, 255, 255, 255, 253, 255, 255, 254, 255, 243, 252, 255, 236, 191, 45, 0, 1, 1, 1, 1, 1, 1, 1, 1, 1, 1, 1, 1, 1, 1, 1, 1, 1, 1, 1, 1, 1, 1, 1, 1, 1, 1, 1, 1, 1, 1, 1, 1, 1, 1, 1, 1, 1, 1, 1, 1, 1, 1, 1, 1, 1, 1, 1, 1, 1, 1, 1, 1, 1, 1, 1, 1, 1
1, 1, 1, 1, 1, 1, 1, 1, 1, 1, 1, 1, 1, 1, 1, 1, 1, 1, 1, 1, 1, 1, 1, 1, 1, 1, 1, 1, 1, 1, 1, 1, 1, 1, 1, 1, 1, 1, 1, 1, 1, 1, 1, 1, 1, 1, 1, 1, 1, 1, 1, 1, 1, 1, 1, 1, 9, 0, 0, 2, 0, 0, 1, 18, 73, 172, 250, 255, 250, 252, 255, 255, 250, 255, 255, 255, 253, 255, 255, 255, 245, 250, 255, 188, 76, 17, 0, 18, 1, 1, 1, 1, 1, 1, 1, 1, 1, 1, 1, 1, 1, 1, 1, 1, 1, 1, 1, 1, 1, 1, 1, 1, 1, 1, 1, 1, 1, 1, 1, 1, 1, 1, 1, 1, 1, 1, 1, 1, 1, 1, 1, 1, 1, 1, 1, 1, 1, 1, 1, 1, 1, 1, 1, 1, 1
1, 1, 1, 1, 1, 1, 1, 1, 1, 1, 1, 1, 1, 1, 1, 1, 1, 1, 1, 1, 1, 1, 1, 1, 1, 1, 1, 1, 1, 1, 1, 1, 1, 1, 1, 1, 1, 1, 1, 1, 1, 1, 1, 1, 1, 1, 1, 1, 1, 1, 1, 1, 1, 1, 1, 1, 1, 4, 2, 0, 2, 7, 0, 0, 0, 15, 84, 165, 211, 209, 195, 190, 249, 255, 255, 255, 254, 255, 255, 255, 253, 157, 89, 9, 5, 10, 0, 0, 1, 1, 1, 1, 1, 1, 1, 1, 1, 1, 1, 1, 1, 1, 1, 1, 1, 1, 1, 1, 1, 1, 1, 1, 1, 1, 1, 1, 1, 1, 1, 1, 1, 1, 1, 1, 1, 1, 1, 1, 1, 1, 1, 1, 1, 1, 1, 1, 1, 1, 1, 1, 1, 1, 1, 1, 1
