1, 1, 1, 1, 1, 1, 1, 1, 1, 1, 1, 1, 1, 1, 1, 1, 1, 1, 1, 1, 1, 1, 1, 1, 7, 0, 0, 0, 5, 7, 0, 0, 0, 5, 5, 0, 0, 1, 4, 0, 11, 0, 6, 3, 3, 0, 11, 0, 1, 1, 1, 1, 1, 1, 1, 1, 1, 1, 1, 1, 1, 1, 1, 1, 1, 1, 1, 1, 1, 1, 1, 1, 1, 1, 1, 1, 1, 1, 1, 1, 1, 1, 1, 1, 1, 1, 1, 1, 1, 1, 1, 1, 1, 1, 1, 1, 0, 0, 0, 0, 0, 0, 0, 0, 5, 0, 0, 3, 8, 0, 0, 0, 0, 2, 6, 3, 3, 7, 5, 0, 1, 1, 1, 1, 1, 1, 1, 1, 1, 1, 1, 1, 1, 1, 1, 1, 1, 1, 1, 1, 1, 1, 1, 1, 1, 1, 1, 1, 1, 1, 1, 1, 1, 1, 1, 1, 1, 1, 1, 1, 1, 1, 1, 1, 1, 1
1, 1, 1, 1, 1, 1, 1, 1, 1, 1, 1, 1, 1, 1, 1, 1, 1, 1, 1, 1, 1, 1, 1, 1, 0, 6, 10, 0, 0, 0, 6, 2, 4, 0, 0, 0, 8, 6, 0, 0, 0, 20, 0, 14, 0, 8, 8, 0, 1, 1, 1, 1, 1, 1, 1, 1, 1, 1, 1, 1, 1, 1, 1, 1, 1, 1, 1, 1, 1, 1, 1, 1, 1, 1, 1, 1, 1, 1, 1, 1, 1, 1, 1, 1, 1, 1, 1, 1, 1, 1, 1, 1, 1, 1, 1, 1, 0, 0, 0, 0, 0, 0, 0, 0, 0, 0, 0, 0, 0, 0, 1, 1, 3, 1, 0, 0, 0, 0, 2, 4, 1, 1, 1, 1, 1, 1, 1, 1, 1, 1, 1, 1, 1, 1, 1, 1, 1, 1, 1, 1, 1, 1, 1, 1, 1, 1, 1, 1, 1, 1, 1, 1, 1, 1, 1, 1, 1, 1, 1, 1, 1, 1, 1, 1, 1, 1
1, 1, 1, 1, 1, 1, 1, 1, 1, 1, 1, 1, 1, 1, 1, 1, 1, 1, 1, 1, 1, 1, 1, 1, 9, 0, 0, 0, 3, 1, 0, 0, 0, 0, 6, 7, 0, 0, 0, 22, 0, 0, 0, 0, 13, 0, 0, 1, 1, 1, 1, 1, 1, 1, 1, 1, 1, 1, 1, 1, 1, 1, 1, 1, 1, 1, 1, 1, 1, 1, 1, 1, 1, 1, 1, 1, 1, 1, 1, 1, 1, 1, 1, 1, 1, 1, 1, 1, 1, 1, 1, 1, 1, 1, 1, 1, 0, 0, 0, 0, 0, 0, 0, 0, 3, 8, 6, 0, 0, 0, 2, 0, 7, 4, 3, 4, 2, 0, 0, 0, 1, 1, 1, 1, 1, 1, 1, 1, 1, 1, 1, 1, 1, 1, 1, 1, 1, 1, 1, 1, 1, 1, 1, 1, 1, 1, 1, 1, 1, 1, 1, 1, 1, 1, 1, 1, 1, 1, 1, 1, 1, 1, 1, 1, 1, 1
1, 1, 1, 1, 1, 1, 1, 1, 1, 1, 1, 1, 1, 1, 1, 1, 1, 1, 1, 1, 1, 1, 1, 1, 0, 0, 4, 9, 3, 0, 0, 9, 4, 0, 0, 3, 17, 16, 2, 0, 24, 0, 43, 0, 0, 0, 0, 14, 1, 1, 1, 1, 1, 1, 1, 1, 1, 1, 1, 1, 1, 1, 1, 1, 1, 1, 1, 1, 1, 1, 1, 1, 1, 1, 1, 1, 1, 1, 1, 1, 1, 1, 1, 1, 1, 1, 1, 1, 1, 1, 1, 1, 1, 1, 1, 1, 2, 1, 1, 0, 0, 0, 0, 0, 0, 0, 0, 0, 0, 0, 0, 0, 0, 0, 0, 4, 6, 2, 1, 5, 1, 1, 1, 1, 1, 1, 1, 1, 1, 1, 1, 1, 1, 1, 1, 1, 1, 1, 1, 1, 1, 1, 1, 1, 1, 1, 1, 1, 1, 1, 1, 1, 1, 1, 1, 1, 1, 1, 1, 1, 1, 1, 1, 1, 1, 1
1, 1, 1, 1, 1, 1, 1, 1, 1, 1, 1, 1, 1, 1, 1, 1, 1, 1, 1, 1, 1, 1, 1, 1, 0, 2, 0, 0, 0, 12, 6, 0, 0, 41, 94, 142, 186, 211, 199, 174, 224, 233, 215, 141, 5, 8, 0, 0, 1, 1, 1, 1, 1, 1, 1, 1, 1, 1, 1, 1, 1, 1, 1, 1, 1, 1, 1, 1, 1, 1, 1, 1, 1, 1, 1, 1, 1, 1, 1, 1, 1, 1, 1, 1, 1, 1, 1, 1, 1, 1, 1, 1, 1, 1, 1, 1, 2, 2, 0, 0, 0, 0, 1, 2, 0, 0, 0, 1, 6, 1, 0, 5, 14, 8, 4, 3, 0, 0, 0, 1, 1, 1, 1, 1, 1, 1, 1, 1, 1, 1, 1, 1, 1, 1, 1, 1, 1, 1, 1, 1, 1, 1, 1, 1, 1, 1, 1, 1, 1, 1, 1, 1, 1, 1, 1, 1, 1, 1, 1, 1, 1, 1, 1, 1, 1, 1
1, 1, 1, 1, 1, 1, 1, 1, 1, 1, 1, 1, 1, 1, 1, 1, 1, 1, 1, 1, 1, 1, 1, 1, 18, 0, 0, 0, 0, 0, 2, 32, 124, 193, 255, 255, 250, 250, 252, 247, 247, 255, 249, 242, 107, 0, 14, 0, 1, 1, 1, 1, 1, 1, 1, 1, 1, 1, 1, 1, 1, 1, 1, 1, 1, 1, 1, 1, 1, 1, 1, 1, 1, 1, 1, 1, 1, 1, 1, 1, 1, 1, 1, 1, 1, 1, 1, 1, 1, 1, 1, 1, 1, 1, 1, 1, 2, 1, 0, 0, 0, 1, 3, 5, 10, 4, 3, 6, 5, 0, 0, 2, 0, 0, 0, 0, 0, 1, 0, 0, 1, 1, 1, 1, 1, 1, 1, 1, 1, 1, 1, 1, 1, 1, 1, 1, 1, 1, 1, 1, 1, 1, 1, 1, 1, 1, 1, 1, 1, 1, 1, 1, 1, 1, 1, 1, 1, 1, 1, 1, 1, 1, 1, 1, 1, 1
1, 1, 1, 1, 1, 1, 1, 1, 1, 1, 1, 1, 1, 1, 1, 1, 1, 1, 1, 1, 1, 1, 1, 1, 0, 0, 13, 18, 0, 0, 80, 183, 248, 255, 255, 255, 255, 255, 255, 247, 255, 255, 255, 255, 243, 56, 7, 0, 1, 1, 1, 1, 1, 1, 1, 1, 1, 1, 1, 1, 1, 1, 1, 1, 1, 1, 1, 1, 1, 1, 1, 1, 1, 1, 1, 1, 1, 1, 1, 1, 1, 1, 1, 1, 1, 1, 1, 1, 1, 1, 1, 1, 1, 1, 1, 1, 1, 0, 0, 0, 0, 2, 5, 7, 0, 6, 7, 0, 0, 0, 5, 2, 2, 11, 8, 0, 0, 6, 9, 0, 1, 1, 1, 1, 1, 1, 1, 1, 1, 1, 1, 1, 1, 1, 1, 1, 1, 1, 1, 1, 1, 1, 1, 1, 1, 1, 1, 1, 1, 1, 1, 1, 1, 1, 1, 1, 1, 1, 1, 1, 1, 1, 1, 1, 1, 1
1, 1, 1, 1, 1, 1, 1, 1, 1, 1, 1, 1, 1, 1, 1, 1, 1, 1, 1, 1, 1, 1, 1, 1, 0, 10, 0, 0, 21, 145, 239, 255, 255, 255, 253, 250, 250, 254, 255, 255, 255, 255, 255, 243, 255, 211, 14, 1, 1, 1, 1, 1, 1, 1, 1, 1, 1, 1, 1, 1, 1, 1, 1, 1, 1, 1, 1, 1, 1, 1, 1, 1, 1, 1, 1, 1, 1, 1, 1, 1, 1, 1, 1, 1, 1, 1, 1, 1, 1, 1, 1, 1, 1, 1, 1, 1, 0, 0, 0, 0, 0, 3, 7, 9, 92, 136, 146, 113, 107, 150, 177, 170, 185, 166, 107, 32, 0, 0, 4, 0, 1, 1, 1, 1, 1, 1, 1, 1, 1, 1, 1, 1, 1, 1, 1, 1, 1, 1, 1, 1, 1, 1, 1, 1, 1, 1, 1, 1, 1, 1, 1, 1, 1, 1, 1, 1, 1, 1, 1, 1, 1, 1, 1, 1, 1, 1
1, 1, 1, 1, 1, 1, 1, 1, 0, 0, 1, 0, 0, 0, 0, 0, 0, 11, 7, 0, 0, 2, 0, 0, 8, 0, 0, 58, 175, 255, 255, 239, 255, 255, 255, 255, 255, 255, 255, 255, 254, 255, 249, 255, 243, 254, 56, 0, 1, 1, 1, 1, 1, 1, 1, 1, 1, 1, 1, 1, 1, 1, 1, 1, 1, 1, 1, 1, 1, 1, 1, 1, 1, 1, 1, 1, 1, 1, 1, 1, 0, 0, 0, 0, 2, 4, 2, 0, 0, 4, 0, 0, 2, 2, 0, 0, 0, 4, 5, 0, 4, 64, 164, 245, 255, 255, 255, 255, 255, 255, 255, 255, 250, 255, 255, 233, 103, 0, 4, 3, 0, 7, 0, 0, 10, 6, 0, 0, 1, 1, 1, 1, 1, 1, 1, 1, 1, 1, 1, 1, 1, 1, 1, 1, 1, 1, 1, 1, 1, 1, 1, 1, 1, 1, 1, 1, 1, 1, 1, 1, 1, 1, 1, 1, 1, 1
1, 1, 1, 1, 1, 1, 1, 1, 0, 0, 2, 7, 5, 0, 0, 5, 14, 0, 0, 0, 12, 2, 0, 14, 0, 11, 110, 233, 255, 238, 237, 255, 255, 255, 255, 255, 255, 255, 255, 255, 255, 253, 255, 225, 255, 255, 64, 7, 1, 1, 1, 1, 1, 1, 1, 1, 1, 1, 1, 1, 1, 1, 1, 1, 1, 1, 1, 1, 1, 1, 1, 1, 1, 1, 1, 1, 1, 1, 1, 1, 0, 0, 0, 0, 0, 0, 0, 0, 0, 7, 0, 21, 109, 186, 52, 8, 0, 1, 0, 13, 119, 249, 255, 253, 255, 255, 255, 255, 255, 255, 255, 255, 255, 255, 250, 246, 248, 121, 0, 15, 5, 3, 0, 19, 0, 0, 4, 7, 1, 1, 1, 1, 1, 1, 1, 1, 1, 1, 1, 1, 1, 1, 1, 1, 1, 1, 1, 1, 1, 1, 1, 1, 1, 1, 1, 1, 1, 1, 1, 1, 1, 1, 1, 1, 1, 1
1, 1, 1, 1, 1, 1, 1, 1, 5, 0, 0, 5, 1, 0, 0, 2, 0, 11, 19, 1, 0, 0, 0, 0, 73, 164, 246, 255, 255, 255, 255, 249, 255, 255, 255, 255, 255, 255, 255, 255, 255, 242, 255, 246, 243, 255, 46, 0, 1, 1, 1, 1, 1, 1, 1, 1, 1, 1, 1, 1, 1, 1, 1, 1, 1, 1, 1, 1, 1, 1, 1, 1, 1, 1, 1, 1, 1, 1, 1, 1, 0, 1, 1, 0, 0, 0, 0, 2, 1, 0, 24, 80, 255, 231, 227, 96, 11, 8, 73, 191, 255, 246, 238, 255, 255, 255, 255, 255, 255, 255, 255, 255, 254, 243, 255, 255, 255, 235, 79, 0, 2, 7, 0, 11, 0, 0, 6, 0, 1, 1, 1, 1, 1, 1, 1, 1, 1, 1, 1, 1, 1, 1, 1, 1, 1, 1, 1, 1, 1, 1, 1, 1, 1, 1, 1, 1, 1, 1, 1, 1, 1, 1, 1, 1, 1, 1
1, 1, 1, 1, 1, 1, 1, 1, 6, 1, 0, 0, 0, 0, 1, 3, 16, 0, 0, 4, 6, 0, 34, 115, 248, 254, 254, 248, 247, 253, 255, 253, 255, 255, 255, 255, 255, 255, 255, 255, 255, 255, 250, 255, 255, 233, 26, 1, 1, 1, 1, 1, 1, 1, 1, 1, 1, 1, 1, 1, 1, 1, 1, 1, 1, 1, 1, 1, 1, 1, 1, 1, 1, 1, 1, 1, 1, 1, 1, 1, 1, 0, 0, 1, 1, 0, 1, 5, 2, 2, 26, 255, 240, 255, 255, 234, 181, 188, 225, 255, 255, 255, 249, 255, 255, 255, 255, 255, 255, 255, 255, 255, 246, 247, 255, 255, 232, 255, 226, 26, 0, 4, 2, 0, 12, 11, 0, 0, 1, 1, 1, 1, 1, 1, 1, 1, 1, 1, 1, 1, 1, 1, 1, 1, 1, 1, 1, 1, 1, 1, 1, 1, 1, 1, 1, 1, 1, 1, 1, 1, 1, 1, 1, 1, 1, 1
1, 1, 1, 1, 1, 1, 1, 1, 0, 1, 0, 0, 1, 14, 12, 0, 0, 12, 5, 0, 29, 107, 198, 255, 255, 246, 247, 255, 255, 246, 246, 255, 255, 255, 255, 255, 255, 255, 255, 255, 253, 255, 247, 249, 255, 124, 3, 0, 1, 1, 1, 1, 1, 1, 1, 1, 1, 1, 1, 1, 1, 1, 1, 1, 1, 1, 1, 1, 1, 1, 1, 1, 1, 1, 1, 1, 1, 1, 1, 1, 4, 0, 0, 2, 6, 2, 0, 0, 12, 0, 168, 255, 241, 255, 254, 255, 255, 255, 255, 232, 231, 255, 255, 246, 255, 255, 255, 255, 255, 255, 255, 255, 255, 255, 248, 255, 255, 255, 252, 180, 29, 0, 24, 0, 2, 0, 0, 7, 1, 1, 1, 1, 1, 1, 1, 1, 1, 1, 1, 1, 1, 1, 1, 1, 1, 1, 1, 1, 1, 1, 1, 1, 1, 1, 1, 1, 1, 1, 1, 1, 1, 1, 1, 1, 1, 1
1, 1, 1, 1, 1, 1, 1, 1, 0, 3, 6, 1, 0, 3, 0, 0, 6, 0, 9, 118, 229, 255, 253, 255, 232, 255, 255, 254, 248, 255, 255, 246, 255, 255, 255, 255, 255, 255, 255, 255, 252, 245, 255, 255, 125, 0, 1, 0, 1, 1, 1, 1, 1, 1, 1, 1, 1, 1, 1, 1, 1, 1, 1, 1, 1, 1, 1, 1, 1, 1, 1, 1, 1, 1, 1, 1, 1, 1, 1, 1, 6, 0, 0, 1, 3, 0, 0, 0, 0, 105, 255, 243, 255, 255, 245, 252, 254, 252, 255, 255, 255, 250, 252, 255, 255, 255, 255, 255, 255, 255, 255, 255, 255, 255, 255, 243, 255, 255, 235, 255, 161, 0, 5, 0, 0, 0, 8, 0, 1, 1, 1, 1, 1, 1, 1, 1, 1, 1, 1, 1, 1, 1, 1, 1, 1, 1, 1, 1, 1, 1, 1, 1, 1, 1, 1, 1, 1, 1, 1, 1, 1, 1, 1, 1, 1, 1
1, 1, 1, 1, 1, 1, 1, 1, 1, 0, 4, 7, 0, 0, 0, 20, 7, 110, 211, 255, 255, 255, 247, 243, 255, 255, 255, 250, 249, 252, 254, 253, 255, 255, 255, 255, 255, 255, 255, 255, 255, 255, 237, 192, 4, 0, 12, 3, 1, 1, 1, 1, 1, 1, 1, 1, 1, 1, 1, 1, 1, 1, 1, 1, 1, 1, 1, 1, 1, 1, 1, 1, 1, 1, 1, 1, 1, 1, 1, 1, 3, 0, 0, 2, 0, 0, 2, 19, 79, 230, 255, 255, 255, 249, 255, 252, 255, 255, 247, 241, 254, 255, 255, 243, 255, 255, 255, 255, 255, 255, 255, 255, 253, 243, 255, 243, 248, 255, 252, 255, 255, 107, 0, 0, 2, 5, 6, 0, 1, 1, 1, 1, 1, 1, 1, 1, 1, 1, 1, 1, 1, 1, 1, 1, 1, 1, 1, 1, 1, 1, 1, 1, 1, 1, 1, 1, 1, 1, 1, 1, 1, 1, 1, 1, 1, 1
1, 1, 1, 1, 1, 1, 1, 1, 4, 0, 0, 10, 0, 0, 28, 90, 224, 246, 255, 255, 253, 247, 250, 255, 249, 255, 255, 255, 255, 255, 255, 255, 255, 255, 255, 255, 255, 255, 255, 255, 243, 255, 147, 0, 12, 9, 0, 0, 1, 1, 1, 1, 1, 1, 1, 1, 1, 1, 1, 1, 1, 1, 1, 1, 1, 1, 1, 1, 1, 1, 1, 1, 1, 1, 1, 1, 1, 1, 1, 1, 0, 0, 1, 5, 0, 0, 16, 45, 247, 255, 243, 255, 255, 255, 245, 255, 250, 255, 255, 255, 253, 247, 253, 255, 255, 255, 255, 255, 255, 255, 255, 255, 248, 255, 248, 255, 255, 245, 255, 255, 255, 248, 39, 1, 4, 0, 0, 14, 1, 1, 1, 1, 1, 1, 1, 1, 1, 1, 1, 1, 1, 1, 1, 1, 1, 1, 1, 1, 1, 1, 1, 1, 1, 1, 1, 1, 1, 1, 1, 1, 1, 1, 1, 1, 1, 1
0, 6, 0, 0, 9, 3, 3, 1, 2, 0, 0, 0, 4, 64, 183, 255, 255, 254, 247, 250, 253, 252, 255, 255, 255, 255, 255, 255, 255, 255, 255, 255, 255, 255, 255, 242, 255, 250, 255, 255, 227, 67, 0, 11, 1, 0, 9, 0, 1, 1, 1, 1, 1, 1, 1, 1, 1, 1, 1, 1, 1, 1, 1, 1, 1, 1, 1, 1, 1, 1, 1, 1, 1, 1, 1, 1, 1, 1, 1, 1, 10, 0, 8, 2, 0, 13, 52, 240, 255, 255, 255, 255, 255, 255, 255, 255, 255, 255, 255, 255, 255, 255, 255, 255, 255, 255, 255, 255, 255, 255, 255, 255, 255, 249, 250, 255, 255, 253, 255, 254, 249, 252, 123, 6, 0, 21, 0, 0, 1, 1, 1, 1, 1, 1, 1, 1, 1, 1, 1, 1, 1, 1, 1, 1, 1, 1, 1, 1, 1, 1, 1, 1, 1, 1, 1, 1, 1, 1, 1, 1, 1, 1, 1, 1, 1, 1
0, 0, 0, 5, 4, 0, 0, 1, 0, 11, 0, 2, 140, 255, 253, 255, 245, 253, 255, 255, 255, 250, 247, 248, 255, 255, 255, 255, 255, 255, 255, 255, 254, 242, 255, 249, 253, 255, 237, 247, 86, 8, 0, 7, 0, 0, 9, 2, 1, 1, 1, 1, 1, 1, 1, 1, 1, 1, 1, 1, 1, 1, 1, 1, 1, 1, 1, 1, 1, 1, 1, 1, 1, 1, 1, 1, 1, 1, 1, 1, 0, 0, 0, 7, 10, 4, 192, 255, 255, 255, 255, 255, 255, 255, 255, 255, 255, 255, 255, 255, 255, 255, 255, 255, 255, 255, 255, 255, 255, 255, 255, 255, 248, 255, 255, 255, 255, 253, 250, 246, 252, 255, 154, 5, 5, 0, 6, 1, 1, 1, 1, 1, 1, 1, 1, 1, 1, 1, 1, 1, 1, 1, 1, 1, 1, 1, 1, 1, 1, 1, 1, 1, 1, 1, 1, 1, 1, 1, 1, 1, 1, 1, 1, 1, 1, 1
2, 0, 0, 6, 0, 0, 3, 7, 0, 0, 10, 157, 255, 254, 255, 253, 255, 255, 250, 247, 252, 255, 255, 255, 255, 255, 255, 255, 255, 255, 255, 255, 255, 249, 255, 247, 255, 241, 255, 131, 0, 0, 1, 8, 0, 0, 4, 1, 1, 1, 1, 1, 1, 1, 1, 1, 1, 1, 1, 1, 1, 1, 1, 1, 1, 1, 1, 1, 1, 1, 1, 1, 1, 1, 1, 1, 1, 1, 1, 1, 0, 19, 0, 8, 2, 147, 255, 255, 255, 255, 255, 255, 255, 255, 255, 255, 255, 255, 255, 255, 255, 255, 255, 255, 255, 255, 255, 255, 255, 255, 255, 255, 252, 255, 255, 246, 253, 255, 255, 255, 243, 255, 120, 0, 9, 0, 11, 1, 1, 1, 1, 1, 1, 1, 1, 1, 1, 1, 1, 1, 1, 1, 1, 1, 1, 1, 1, 1, 1, 1, 1, 1, 1, 1, 1, 1, 1, 1, 1, 1, 1, 1, 1, 1, 1, 1
6, 0, 3, 0, 0, 7, 8, 3, 0, 45, 195, 255, 254, 255, 239, 255, 250, 253, 252, 250, 254, 255, 254, 243, 255, 255, 255, 255, 255, 255, 255, 255, 255, 252, 255, 253, 255, 227, 226, 3, 0, 5, 7, 3, 3, 2, 0, 0, 1, 1, 1, 1, 1, 1, 1, 1, 1, 1, 1, 1, 1, 1, 1, 1, 1, 1, 1, 1, 1, 1, 1, 1, 1, 1, 1, 1, 1, 1, 1, 1, 7, 3, 4, 0, 130, 252, 255, 238, 255, 255, 255, 255, 255, 255, 255, 255, 255, 255, 255, 255, 255, 255, 255, 255, 255, 255, 255, 255, 255, 255, 255, 255, 255, 255, 245, 240, 255, 255, 255, 255, 255, 185, 36, 0, 0, 6, 0, 0, 1, 1, 1, 1, 1, 1, 1, 1, 1, 1, 1, 1, 1, 1, 1, 1, 1, 1, 1, 1, 1, 1, 1, 1, 1, 1, 1, 1, 1, 1, 1, 1, 1, 1, 1, 1, 1, 1
4, 0, 10, 0, 0, 11, 0, 0, 10, 199, 255, 255, 255, 255, 255, 253, 255, 255, 255, 255, 252, 250, 255, 255, 255, 255, 255, 255, 255, 255, 255, 255, 253, 243, 255, 255, 242, 255, 83, 0, 4, 6, 0, 0, 3, 0, 0, 4, 1, 1, 1, 1, 1, 1, 1, 1, 1, 1, 1, 1, 1, 1, 1, 1, 1, 1, 1, 1, 1, 1, 1, 1, 1, 1, 1, 1, 1, 1, 1, 1, 0, 0, 6, 123, 255, 255, 255, 250, 255, 255, 255, 255, 255, 255, 255, 255, 255, 255, 255, 255, 255, 255, 255, 255, 255, 255, 255, 255, 255, 255, 255, 255, 255, 254, 253, 255, 255, 253, 243, 247, 255, 95, 0, 7, 0, 12, 0, 0, 1, 1, 1, 1, 1, 1, 1, 1, 1, 1, 1, 1, 1, 1, 1, 1, 1, 1, 1, 1, 1, 1, 1, 1, 1, 1, 1, 1, 1, 1, 1, 1, 1, 1, 1, 1, 1, 1
0, 0, 14, 0, 0, 3, 0, 21, 162, 215, 255, 248, 243, 255, 239, 255, 252, 243, 242, 250, 255, 255, 253, 252, 255, 255, 255, 255, 255, 255, 255, 255, 246, 255, 239, 255, 255, 193, 0, 10, 0, 0, 0, 0, 0, 0, 0, 9, 1, 1, 1, 1, 1, 1, 1, 1, 1, 1, 1, 1, 1, 1, 1, 1, 1, 1, 1, 1, 1, 1, 1, 1, 1, 1, 1, 1, 1, 1, 1, 1, 0, 21, 121, 253, 255, 255, 233, 255, 255, 255, 255, 255, 255, 255, 255, 255, 255, 255, 255, 255, 255, 255, 255, 255, 255, 255, 255, 255, 255, 255, 255, 255, 253, 250, 255, 255, 247, 249, 255, 255, 202, 19, 5, 2, 3, 0, 0, 7, 1, 1, 1, 1, 1, 1, 1, 1, 1, 1, 1, 1, 1, 1, 1, 1, 1, 1, 1, 1, 1, 1, 1, 1, 1, 1, 1, 1, 1, 1, 1, 1, 1, 1, 1, 1, 1, 1
0, 0, 10, 0, 1, 0, 17, 140, 250, 255, 255, 255, 238, 246, 255, 242, 255, 255, 255, 255, 255, 250, 250, 255, 255, 255, 255, 255, 255, 255, 255, 255, 254, 255, 243, 249, 203, 44, 0, 1, 0, 2, 5, 2, 0, 0, 0, 0, 1, 1, 1, 1, 1, 1, 1, 1, 1, 1, 1, 1, 1, 1, 1, 1, 1, 1, 1, 1, 1, 1, 1, 1, 1, 1, 1, 1, 1, 1, 1, 1, 7, 107, 255, 243, 255, 255, 246, 255, 255, 255, 255, 255, 255, 255, 255, 255, 255, 255, 255, 255, 255, 255, 255, 255, 255, 255, 255, 255, 255, 255, 255, 255, 255, 248, 255, 255, 236, 255, 255, 215, 73, 0, 5, 0, 3, 0, 0, 10, 1, 1, 1, 1, 1, 1, 1, 1, 1, 1, 1, 1, 1, 1, 1, 1, 1, 1, 1, 1, 1, 1, 1, 1, 1, 1, 1, 1, 1, 1, 1, 1, 1, 1, 1, 1, 1, 1
5, 0, 3, 0, 4, 1, 62, 255, 254, 254, 242, 243, 255, 255, 235, 255, 249, 227, 189, 130, 67, 64, 153, 255, 255, 255, 255, 255, 255, 255, 255, 255, 255, 229, 255, 255, 69, 0, 6, 0, 0, 0, 1, 0, 0, 12, 11, 0, 1, 1, 1, 1, 1, 1, 1, 1, 1, 1, 1, 1, 1, 1, 1, 1, 1, 1, 1, 1, 1, 1, 1, 1, 1, 1, 1, 1, 1, 1, 1, 1, 12, 236, 254, 250, 255, 250, 255, 255, 255, 255, 255, 255, 255, 255, 255, 255, 255, 255, 255, 255, 255, 255, 255, 255, 255, 255, 255, 255, 255, 255, 255, 255, 255, 242, 255, 255, 243, 255, 230, 102, 0, 11, 0, 0, 0, 13, 0, 0, 1, 1, 1, 1, 1, 1, 1, 1, 1, 1, 1, 1, 1, 1, 1, 1, 1, 1, 1, 1, 1, 1, 1, 1, 1, 1, 1, 1, 1, 1, 1, 1, 1, 1, 1, 1, 1, 1
6, 2, 0, 0, 6, 0, 164, 255, 255, 250, 255, 250, 247, 255, 254, 182, 115, 13, 2, 0, 6, 3, 52, 246, 255, 243, 255, 255, 247, 248, 255, 246, 255, 250, 252, 252, 43, 0, 4, 1, 1, 1, 1, 1, 1, 1, 1, 1, 1, 1, 1, 1, 1, 1, 1, 1, 1, 1, 1, 1, 1, 1, 1, 1, 1, 1, 1, 1, 1, 1, 1, 1, 0, 11, 0, 12, 0, 1, 4, 0, 129, 241, 255, 241, 255, 255, 247, 255, 255, 255, 255, 255, 255, 255, 255, 255, 255, 255, 255, 255, 255, 255, 255, 255, 255, 255, 255, 255, 255, 255, 255, 255, 255, 255, 241, 255, 255, 248, 128, 4, 1, 1, 1, 1, 1, 1, 1, 1, 1, 1, 1, 1, 1, 1, 1, 1, 1, 1, 1, 1, 1, 1, 1, 1, 1, 1, 1, 1, 1, 1, 1, 1, 1, 1, 1, 1, 1, 1, 1, 1, 1, 1, 1, 1, 1, 1
1, 0, 2, 8, 0, 18, 225, 250, 255, 255, 254, 255, 255, 211, 104, 7, 0, 36, 0, 9, 0, 0, 115, 255, 255, 250, 237, 247, 255, 250, 248, 255, 255, 250, 255, 113, 1, 7, 8, 0, 1, 1, 1, 1, 1, 1, 1, 1, 1, 1, 1, 1, 1, 1, 1, 1, 1, 1, 1, 1, 1, 1, 1, 1, 1, 1, 1, 1, 1, 1, 1, 1, 0, 2, 0, 6, 0, 0, 3, 56, 219, 255, 255, 243, 255, 255, 243, 254, 255, 255, 255, 255, 255, 255, 255, 255, 255, 255, 255, 255, 255, 255, 255, 255, 255, 255, 255, 255, 255, 255, 255, 255, 245, 255, 255, 255, 255, 197, 0, 12, 1, 1, 1, 1, 1, 1, 1, 1, 1, 1, 1, 1, 1, 1, 1, 1, 1, 1, 1, 1, 1, 1, 1, 1, 1, 1, 1, 1, 1, 1, 1, 1, 1, 1, 1, 1, 1, 1, 1, 1, 1, 1, 1, 1, 1, 1
0, 6, 0, 9, 0, 13, 230, 255, 250, 245, 255, 208, 71, 0, 0, 0, 2, 0, 0, 14, 0, 28, 242, 249, 238, 255, 255, 247, 255, 253, 243, 255, 255, 255, 174, 16, 0, 0, 22, 0, 1, 1, 1, 1, 1, 1, 1, 1, 1, 1, 1, 1, 1, 1, 1, 1, 1, 1, 1, 1, 1, 1, 1, 1, 1, 1, 1, 1, 1, 1, 1, 1, 2, 0, 0, 5, 0, 0, 13, 151, 255, 255, 248, 247, 255, 255, 247, 255, 255, 255, 255, 255, 255, 255, 255, 255, 255, 255, 255, 255, 255, 255, 255, 255, 255, 255, 255, 255, 255, 255, 255, 255, 255, 250, 250, 255, 187, 17, 0, 0, 1, 1, 1, 1, 1, 1, 1, 1, 1, 1, 1, 1, 1, 1, 1, 1, 1, 1, 1, 1, 1, 1, 1, 1, 1, 1, 1, 1, 1, 1, 1, 1, 1, 1, 1, 1, 1, 1, 1, 1, 1, 1, 1, 1, 1, 1
0, 14, 0, 0, 4, 0, 153, 255, 255, 255, 151, 6, 0, 12, 14, 2, 0, 20, 0, 0, 7, 183, 252, 255, 249, 255, 252, 245, 255, 255, 253, 247, 239, 177, 34, 0, 8, 0, 1, 0, 1, 1, 1, 1, 1, 1, 1, 1, 1, 1, 1, 1, 1, 1, 1, 1, 1, 1, 1, 1, 1, 1, 1, 1, 1, 1, 1, 1, 1, 1, 1, 1, 6, 0, 3, 4, 0, 0, 22, 231, 254, 246, 250, 255, 255, 249, 255, 255, 255, 255, 255, 255, 255, 255, 255, 255, 255, 255, 255, 255, 255, 255, 255, 255, 255, 255, 255, 255, 255, 255, 255, 255, 255, 237, 255, 204, 8, 2, 0, 7, 1, 1, 1, 1, 1, 1, 1, 1, 1, 1, 1, 1, 1, 1, 1, 1, 1, 1, 1, 1, 1, 1, 1, 1, 1, 1, 1, 1, 1, 1, 1, 1, 1, 1, 1, 1, 1, 1, 1, 1, 1, 1, 1, 1, 1, 1
0, 0, 4, 0, 5, 2, 60, 162, 207, 73, 0, 5, 2, 0, 3, 0, 10, 0, 15, 23, 170, 252, 253, 255, 255, 243, 247, 255, 248, 250, 255, 255, 140, 22, 0, 0, 6, 7, 0, 12, 1, 1, 1, 1, 1, 1, 1, 1, 1, 1, 1, 1, 1, 1, 1, 1, 1, 1, 1, 1, 1, 1, 1, 1, 1, 1, 1, 1, 1, 1, 1, 1, 2, 0, 1, 0, 0, 0, 22, 254, 254, 250, 255, 255, 254, 253, 255, 255, 255, 255, 255, 255, 255, 255, 255, 255, 255, 255, 255, 255, 255, 255, 255, 255, 255, 255, 255, 255, 255, 255, 255, 255, 246, 255, 239, 35, 0, 7, 12, 0, 1, 1, 1, 1, 1, 1, 1, 1, 1, 1, 1, 1, 1, 1, 1, 1, 1, 1, 1, 1, 1, 1, 1, 1, 1, 1, 1, 1, 1, 1, 1, 1, 1, 1, 1, 1, 1, 1, 1, 1, 1, 1, 1, 1, 1, 1
13, 0, 21, 4, 0, 6, 0, 11, 0, 29, 18, 0, 6, 6, 0, 5, 0, 8, 72, 208, 243, 255, 250, 248, 248, 252, 255, 255, 243, 255, 252, 180, 24, 0, 4, 0, 5, 0, 9, 0, 1, 1, 1, 1, 1, 1, 1, 1, 1, 1, 1, 1, 1, 1, 1, 1, 1, 1, 1, 1, 1, 1, 1, 1, 1, 1, 1, 1, 1, 1, 1, 1, 1, 0, 3, 0, 1, 2, 18, 221, 255, 255, 255, 254, 253, 255, 255, 247, 255, 255, 255, 255, 255, 255, 255, 255, 255, 255, 255, 255, 255, 255, 255, 255, 255, 255, 255, 255, 255, 255, 255, 255, 255, 243, 78, 2, 0, 5, 0, 3, 1, 1, 1, 1, 1, 1, 1, 1, 1, 1, 1, 1, 1, 1, 1, 1, 1, 1, 1, 1, 1, 1, 1, 1, 1, 1, 1, 1, 1, 1, 1, 1, 1, 1, 1, 1, 1, 1, 1, 1, 1, 1, 1, 1, 1, 1
12, 0, 15, 6, 0, 0, 0, 0, 5, 0, 0, 0, 0, 7, 7, 0, 24, 195, 255, 234, 255, 243, 255, 255, 255, 255, 248, 241, 255, 255, 157, 24, 0, 17, 3, 5, 4, 0, 24, 0, 1, 1, 1, 1, 1, 1, 1, 1, 1, 1, 1, 1, 1, 1, 1, 1, 1, 1, 1, 1, 1, 1, 1, 1, 1, 1, 1, 1, 1, 1, 1, 1, 2, 3, 4, 0, 2, 6, 9, 158, 255, 250, 246, 248, 255, 255, 255, 254, 255, 255, 255, 255, 255, 255, 255, 255, 255, 255, 255, 255, 255, 255, 255, 255, 255, 255, 255, 255, 255, 255, 255, 255, 235, 53, 29, 0, 8, 0, 0, 18, 1, 1, 1, 1, 1, 1, 1, 1, 1, 1, 1, 1, 1, 1, 1, 1, 1, 1, 1, 1, 1, 1, 1, 1, 1, 1, 1, 1, 1, 1, 1, 1, 1, 1, 1, 1, 1, 1, 1, 1, 1, 1, 1, 1, 1, 1
0, 6, 0, 0, 13, 0, 16, 104, 137, 155, 134, 97, 73, 47, 63, 126, 243, 237, 255, 255, 248, 255, 255, 246, 253, 253, 250, 255, 235, 117, 10, 0, 0, 6, 0, 6, 0, 24, 0, 10, 1, 1, 1, 1, 1, 1, 1, 1, 1, 1, 1, 1, 1, 1, 1, 1, 1, 1, 1, 1, 1, 1, 1, 1, 1, 1, 1, 1, 1, 1, 1, 1, 0, 5, 0, 0, 0, 1, 0, 102, 254, 255, 255, 255, 255, 248, 246, 255, 255, 255, 255, 255, 255, 255, 255, 255, 255, 255, 255, 255, 255, 255, 255, 255, 255, 255, 255, 255, 255, 255, 255, 255, 93, 0, 0, 5, 0, 0, 18, 0, 1, 1, 1, 1, 1, 1, 1, 1, 1, 1, 1, 1, 1, 1, 1, 1, 1, 1, 1, 1, 1, 1, 1, 1, 1, 1, 1, 1, 1, 1, 1, 1, 1, 1, 1, 1, 1, 1, 1, 1, 1, 1, 1, 1, 1, 1
0, 0, 10, 1, 3, 0, 38, 233, 249, 255, 255, 243, 252, 255, 255, 250, 250, 255, 255, 245, 247, 255, 255, 249, 255, 255, 239, 171, 60, 0, 0, 10, 1, 1, 1, 1, 1, 1, 1, 1, 1, 1, 1, 1, 1, 1, 1, 1, 1, 1, 1, 1, 1, 1, 1, 1, 1, 1, 1, 1, 1, 1, 1, 1, 1, 1, 1, 1, 1, 1, 1, 1, 1, 1, 1, 1, 1, 1, 1, 1, 235, 238, 252, 255, 253, 253, 255, 249, 255, 255, 255, 253, 253, 254, 255, 255, 253, 247, 253, 255, 254, 255, 255, 249, 252, 255, 255, 242, 255, 255, 215, 109, 1, 1, 1, 1, 1, 1, 1, 1, 7, 0, 0, 2, 2, 0, 0, 7, 4, 0, 0, 3, 4, 0, 0, 7, 10, 0, 8, 10, 0, 3, 13, 0, 0, 0, 0, 0, 8, 0, 0, 5, 1, 1, 1, 1, 1, 1, 1, 1, 1, 1, 1, 1, 1, 1
10, 0, 6, 0, 2, 0, 0, 94, 255, 231, 255, 255, 255, 255, 245, 253, 255, 250, 253, 255, 255, 243, 243, 255, 232, 134, 38, 0, 0, 9, 11, 0, 1, 1, 1, 1, 1, 1, 1, 1, 1, 1, 1, 1, 1, 1, 1, 1, 1, 1, 1, 1, 1, 1, 1, 1, 1, 1, 1, 1, 1, 1, 1, 1, 1, 1, 1, 1, 1, 1, 1, 1, 1, 1, 1, 1, 1, 1, 1, 1, 107, 253, 255, 215, 255, 255, 224, 255, 250, 254, 255, 255, 255, 254, 249, 245, 255, 255, 255, 255, 246, 250, 255, 255, 243, 240, 242, 255, 255, 156, 43, 1, 1, 1, 1, 1, 1, 1, 1, 1, 0, 6, 9, 0, 0, 8, 9, 0, 0, 17, 7, 0, 51, 159, 217, 209, 95, 31, 26, 51, 19, 0, 0, 18, 1, 22, 0, 13, 0, 0, 4, 0, 1, 1, 1, 1, 1, 1, 1, 1, 1, 1, 1, 1, 1, 1
3, 0, 7, 0, 4, 9, 0, 0, 71, 235, 255, 255, 249, 254, 255, 247, 253, 255, 255, 242, 252, 255, 246, 204, 53, 14, 0, 0, 0, 1, 0, 0, 1, 1, 1, 1, 1, 1, 1, 1, 1, 1, 1, 1, 1, 1, 1, 1, 1, 1, 1, 1, 1, 1, 1, 1, 1, 1, 1, 1, 1, 1, 1, 1, 1, 1, 1, 1, 1, 1, 1, 1, 1, 1, 1, 1, 1, 1, 1, 1, 10, 188, 245, 248, 255, 252, 255, 252, 253, 253, 253, 253, 255, 255, 255, 255, 255, 243, 243, 250, 254, 255, 250, 233, 255, 255, 255, 232, 104, 9, 0, 0, 1, 1, 1, 1, 1, 1, 1, 1, 0, 1, 5, 0, 0, 0, 0, 1, 10, 0, 12, 142, 249, 255, 254, 254, 255, 241, 241, 245, 204, 136, 52, 0, 0, 2, 5, 12, 0, 5, 1, 0, 1, 1, 1, 1, 1, 1, 1, 1, 1, 1, 1, 1, 1, 1
0, 0, 12, 0, 0, 14, 1, 0, 16, 70, 224, 255, 240, 255, 254, 255, 250, 255, 255, 243, 255, 255, 140, 0, 0, 0, 1, 14, 9, 4, 4, 0, 1, 1, 1, 1, 1, 1, 1, 1, 1, 1, 1, 1, 1, 1, 1, 1, 1, 1, 1, 1, 1, 1, 1, 1, 1, 1, 1, 1, 1, 1, 1, 1, 1, 1, 1, 1, 1, 1, 1, 1, 1, 1, 1, 1, 1, 1, 1, 1, 0, 32, 206, 255, 248, 249, 245, 255, 255, 255, 255, 250, 248, 247, 248, 249, 254, 255, 255, 255, 249, 247, 255, 255, 240, 226, 131, 32, 8, 0, 0, 12, 1, 1, 1, 1, 1, 1, 1, 1, 6, 0, 0, 0, 9, 13, 4, 0, 24, 144, 243, 250, 237, 253, 255, 250, 237, 252, 255, 255, 255, 255, 209, 112, 11, 0, 12, 0, 0, 9, 0, 7, 1, 1, 1, 1, 1, 1, 1, 1, 1, 1, 1, 1, 1, 1
3, 0, 8, 1, 0, 0, 5, 4, 0, 13, 39, 180, 255, 247, 243, 255, 255, 234, 239, 255, 209, 82, 8, 13, 15, 0, 0, 0, 0, 0, 7, 6, 1, 1, 1, 1, 1, 1, 1, 1, 1, 1, 1, 1, 1, 1, 1, 1, 1, 1, 1, 1, 1, 1, 1, 1, 1, 1, 1, 1, 1, 1, 1, 1, 1, 1, 1, 1, 1, 1, 1, 1, 1, 1, 1, 1, 1, 1, 1, 1, 0, 10, 31, 171, 255, 255, 255, 243, 250, 254, 255, 255, 255, 255, 255, 255, 255, 250, 247, 252, 252, 252, 243, 221, 125, 38, 0, 0, 0, 8, 18, 0, 1, 1, 1, 1, 1, 1, 1, 1, 1, 0, 7, 13, 0, 0, 82, 193, 245, 239, 246, 255, 255, 250, 253, 255, 255, 255, 255, 250, 242, 249, 255, 253, 110, 26, 0, 0, 6, 5, 0, 3, 1, 1, 1, 1, 1, 1, 1, 1, 1, 1, 1, 1, 1, 1
13, 0, 0, 2, 0, 0, 1, 0, 21, 0, 4, 0, 36, 159, 229, 255, 239, 255, 223, 110, 13, 0, 0, 0, 0, 0, 8, 12, 0, 0, 0, 0, 1, 1, 1, 1, 1, 1, 1, 1, 1, 1, 1, 1, 1, 1, 1, 1, 1, 1, 1, 1, 1, 1, 1, 1, 1, 1, 1, 1, 1, 1, 1, 1, 1, 1, 1, 1, 1, 1, 1, 1, 1, 1, 1, 1, 1, 1, 1, 1, 16, 0, 0, 13, 143, 246, 242, 255, 254, 253, 250, 250, 250, 254, 255, 255, 253, 243, 250, 255, 231, 170, 80, 2, 0, 7, 0, 2, 17, 0, 0, 17, 1, 1, 1, 1, 1, 1, 1, 1, 0, 5, 0, 0, 76, 192, 250, 243, 255, 255, 254, 253, 255, 255, 255, 245, 252, 250, 255, 255, 255, 246, 249, 255, 230, 169, 0, 9, 0, 0, 4, 0, 1, 1, 1, 1, 1, 1, 1, 1, 1, 1, 1, 1, 1, 1
5, 0, 0, 3, 8, 2, 2, 0, 0, 21, 4, 1, 5, 5, 59, 104, 99, 44, 2, 6, 16, 5, 0, 7, 11, 0, 0, 0, 5, 14, 11, 0, 1, 1, 1, 1, 1, 1, 1, 1, 1, 1, 1, 1, 1, 1, 1, 1, 1, 1, 1, 1, 1, 1, 1, 1, 1, 1, 1, 1, 1, 1, 1, 1, 1, 1, 1, 1, 1, 1, 1, 1, 1, 1, 1, 1, 1, 1, 1, 1, 0, 10, 10, 5, 0, 58, 169, 203, 255, 255, 255, 254, 253, 252, 250, 250, 254, 229, 185, 109, 23, 0, 0, 0, 0, 0, 7, 3, 0, 0, 6, 0, 1, 1, 1, 1, 1, 1, 1, 1, 5, 1, 73, 199, 255, 248, 241, 255, 245, 255, 255, 254, 252, 255, 255, 250, 254, 255, 254, 247, 255, 255, 255, 253, 255, 255, 109, 12, 2, 0, 10, 0, 1, 1, 1, 1, 1, 1, 1, 1, 1, 1, 1, 1, 1, 1
0, 6, 0, 1, 2, 0, 0, 2, 12, 0, 0, 0, 1, 1, 0, 2, 0, 5, 4, 0, 0, 0, 4, 0, 0, 0, 9, 7, 0, 0, 4, 1, 1, 1, 1, 1, 1, 1, 1, 1, 1, 1, 1, 1, 1, 1, 1, 1, 1, 1, 1, 1, 1, 1, 1, 1, 1, 1, 1, 1, 1, 1, 1, 1, 1, 1, 1, 1, 1, 1, 1, 1, 1, 1, 1, 1, 1, 1, 1, 1, 15, 0, 0, 10, 0, 0, 0, 1, 48, 76, 118, 159, 183, 188, 180, 171, 28, 10, 2, 0, 0, 2, 8, 0, 6, 0, 0, 0, 7, 1, 0, 1, 1, 1, 1, 1, 1, 1, 1, 1, 24, 160, 255, 255, 239, 255, 255, 243, 255, 255, 252, 250, 253, 255, 255, 255, 250, 255, 255, 255, 255, 250, 248, 255, 247, 255, 255, 2, 14, 0, 0, 6, 1, 1, 1, 1, 1, 1, 1, 1, 1, 1, 1, 1, 1, 1
1, 1, 1, 1, 1, 1, 1, 1, 1, 1, 1, 1, 1, 1, 1, 1, 1, 1, 1, 1, 1, 1, 1, 1, 1, 1, 1, 1, 1, 1, 1, 1, 0, 5, 6, 0, 0, 8, 8, 0, 0, 6, 0, 0, 0, 6, 2, 2, 0, 2, 3, 2, 0, 0, 0, 2, 12, 0, 0, 4, 0, 0, 0, 0, 0, 0, 4, 4, 1, 0, 0, 4, 1, 1, 1, 1, 1, 1, 1, 1, 1, 1, 1, 1, 1, 1, 1, 1, 1, 1, 1, 1, 1, 1, 1, 1, 1, 1, 1, 1, 1, 1, 1, 1, 5, 0, 0, 0, 2, 0, 0, 0, 3, 0, 4, 10, 0, 0, 15, 72, 213, 241, 255, 255, 250, 254, 255, 255, 255, 255, 255, 255, 255, 255, 255, 255, 255, 255, 255, 255, 255, 255, 255, 255, 255, 238, 255, 113, 0, 10, 0, 8, 1, 1, 1, 1, 1, 1, 1, 1, 1, 1, 1, 1, 1, 1
1, 1, 1, 1, 1, 1, 1, 1, 1, 1, 1, 1, 1, 1, 1, 1, 1, 1, 1, 1, 1, 1, 1, 1, 1, 1, 1, 1, 1, 1, 1, 1, 1, 7, 9, 1, 0, 0, 0, 0, 11, 5, 0, 6, 10, 0, 0, 3, 22, 58, 109, 149, 158, 138, 105, 83, 103, 85, 65, 34, 0, 0, 6, 13, 10, 0, 0, 0, 0, 5, 1, 0, 1, 1, 1, 1, 1, 1, 1, 1, 1, 1, 1, 1, 1, 1, 1, 1, 1, 1, 1, 1, 1, 1, 1, 1, 1, 1, 1, 1, 1, 1, 1, 1, 5, 3, 1, 0, 0, 0, 2, 7, 0, 20, 0, 0, 3, 18, 135, 255, 238, 255, 255, 255, 254, 255, 255, 252, 255, 255, 255, 255, 255, 255, 255, 255, 255, 255, 255, 255, 255, 255, 255, 255, 245, 255, 255, 204, 56, 3, 0, 9, 1, 1, 1, 1, 1, 1, 1, 1, 1, 1, 1, 1, 1, 1
1, 1, 1, 1, 1, 1, 1, 1, 1, 1, 1, 1, 1, 1, 1, 1, 1, 1, 1, 1, 1, 1, 1, 1, 1, 1, 1, 1, 1, 1, 1, 1, 0, 0, 0, 5, 12, 9, 6, 7, 0, 0, 0, 0, 0, 0, 56, 160, 239, 247, 255, 255, 255, 255, 253, 250, 255, 255, 255, 254, 174, 67, 6, 0, 0, 0, 8, 9, 4, 3, 4, 5, 1, 1, 1, 1, 1, 1, 1, 1, 1, 1, 1, 1, 1, 1, 1, 1, 1, 1, 1, 1, 1, 1, 1, 1, 1, 1, 1, 1, 1, 1, 1, 1, 0, 0, 6, 4, 0, 0, 0, 0, 0, 0, 10, 14, 83, 217, 255, 255, 255, 255, 255, 253, 254, 255, 255, 248, 255, 255, 255, 255, 255, 255, 255, 255, 255, 255, 255, 255, 255, 255, 255, 255, 252, 255, 247, 255, 177, 11, 0, 0, 1, 1, 1, 1, 1, 1, 1, 1, 1, 1, 1, 1, 1, 1
1, 1, 1, 1, 1, 1, 1, 1, 1, 1, 1, 1, 1, 1, 1, 1, 1, 1, 1, 1, 1, 1, 1, 1, 1, 1, 1, 1, 1, 1, 1, 1, 1, 0, 0, 0, 0, 0, 0, 0, 0, 12, 4, 0, 72, 181, 240, 248, 255, 255, 255, 249, 247, 250, 255, 255, 240, 255, 255, 241, 255, 255, 199, 81, 23, 12, 0, 0, 0, 0, 0, 0, 1, 1, 1, 1, 1, 1, 1, 1, 1, 1, 1, 1, 1, 1, 1, 1, 1, 1, 1, 1, 1, 1, 1, 1, 1, 1, 1, 1, 1, 1, 1, 1, 0, 0, 1, 0, 1, 3, 1, 0, 0, 21, 2, 113, 255, 255, 255, 245, 255, 255, 254, 250, 253, 255, 255, 250, 255, 255, 255, 255, 255, 255, 255, 255, 255, 255, 255, 255, 255, 255, 255, 255, 255, 250, 243, 255, 255, 23, 4, 0, 1, 1, 1, 1, 1, 1, 1, 1, 1, 1, 1, 1, 1, 1
1, 1, 1, 1, 1, 1, 1, 1, 1, 1, 1, 1, 1, 1, 1, 1, 1, 1, 1, 1, 1, 1, 1, 1, 1, 1, 1, 1, 1, 1, 1, 1, 1, 11, 10, 0, 0, 0, 8, 11, 0, 5, 58, 165, 252, 255, 253, 255, 242, 249, 255, 255, 255, 255, 253, 250, 255, 255, 255, 255, 253, 246, 255, 255, 207, 97, 12, 6, 11, 0, 0, 10, 1, 1, 1, 1, 1, 1, 1, 1, 1, 1, 1, 1, 1, 1, 1, 1, 1, 1, 1, 1, 1, 1, 1, 1, 1, 1, 1, 1, 1, 1, 1, 1, 11, 2, 0, 0, 0, 3, 3, 2, 0, 38, 193, 255, 250, 255, 240, 255, 250, 254, 255, 253, 253, 255, 255, 252, 255, 255, 255, 255, 255, 255, 255, 255, 255, 255, 255, 255, 255, 255, 255, 255, 253, 246, 255, 249, 255, 60, 0, 11, 1, 1, 1, 1, 1, 1, 1, 1, 1, 1, 1, 1, 1, 1
1, 1, 1, 1, 1, 1, 1, 1, 1, 1, 1, 1, 1, 1, 1, 1, 1, 1, 1, 1, 1, 1, 1, 1, 1, 1, 1, 1, 1, 1, 1, 1, 0, 0, 0, 2, 10, 13, 4, 0, 0, 131, 242, 255, 248, 255, 254, 242, 255, 255, 255, 254, 249, 248, 250, 254, 253, 250, 249, 243, 246, 255, 255, 234, 252, 255, 205, 71, 0, 15, 19, 0, 1, 1, 1, 1, 1, 1, 1, 1, 1, 1, 1, 1, 1, 1, 1, 1, 1, 1, 1, 1, 1, 1, 1, 1, 1, 1, 1, 1, 1, 1, 1, 1, 3, 0, 0, 6, 1, 0, 0, 0, 53, 218, 255, 255, 255, 248, 255, 245, 253, 255, 255, 255, 255, 252, 253, 254, 255, 255, 255, 255, 255, 255, 255, 255, 255, 255, 255, 255, 255, 255, 255, 255, 255, 254, 255, 255, 243, 153, 0, 2, 1, 1, 1, 1, 1, 1, 1, 1, 1, 1, 1, 1, 1, 1
1, 1, 1, 1, 1, 1, 1, 1, 1, 1, 1, 1, 1, 1, 1, 1, 1, 1, 1, 1, 1, 1, 1, 1, 1, 1, 1, 1, 1, 1, 1, 1, 8, 0, 0, 3, 4, 0, 0, 7, 155, 230, 255, 255, 255, 254, 255, 255, 246, 250, 254, 255, 255, 255, 255, 255, 255, 243, 250, 255, 255, 236, 248, 255, 255, 253, 255, 235, 130, 3, 0, 16, 1, 1, 1, 1, 1, 1, 1, 1, 1, 1, 1, 1, 1, 1, 1, 1, 1, 1, 1, 1, 1, 1, 1, 1, 1, 1, 1, 1, 1, 1, 1, 1, 0, 0, 0, 12, 1, 0, 34, 90, 255, 235, 249, 243, 243, 255, 254, 255, 255, 255, 255, 255, 255, 253, 253, 255, 255, 255, 255, 255, 255, 255, 255, 255, 255, 255, 255, 255, 255, 255, 255, 255, 255, 255, 243, 255, 245, 227, 9, 0, 1, 1, 1, 1, 1, 1, 1, 1, 1, 1, 1, 1, 1, 1
1, 1, 1, 1, 1, 1, 1, 1, 1, 1, 1, 1, 1, 1, 1, 1, 1, 1, 1, 1, 1, 1, 1, 1, 1, 1, 1, 1, 1, 1, 1, 1, 2, 0, 7, 15, 0, 0, 73, 181, 255, 255, 243, 243, 255, 255, 250, 250, 255, 255, 255, 255, 253, 250, 250, 252, 252, 255, 255, 255, 249, 255, 255, 249, 255, 238, 248, 255, 246, 133, 30, 0, 1, 1, 1, 1, 1, 1, 1, 1, 1, 1, 1, 1, 1, 1, 1, 1, 1, 1, 1, 1, 1, 1, 1, 1, 1, 1, 1, 1, 1, 1, 1, 1, 11, 0, 0, 0, 0, 30, 143, 255, 249, 255, 255, 255, 255, 249, 249, 255, 255, 252, 250, 252, 254, 254, 255, 255, 255, 255, 255, 255, 255, 255, 255, 255, 255, 255, 255, 255, 255, 255, 255, 255, 246, 255, 255, 255, 248, 234, 32, 4, 1, 1, 1, 1, 1, 1, 1, 1, 1, 1, 1, 1, 1, 1
1, 1, 1, 1, 1, 1, 1, 1, 1, 1, 1, 1, 1, 1, 1, 1, 1, 1, 1, 1, 1, 1, 1, 1, 0, 4, 1, 0, 1, 0, 0, 0, 6, 0, 0, 9, 4, 79, 221, 255, 255, 255, 255, 255, 255, 255, 255, 255, 255, 255, 255, 255, 255, 255, 255, 255, 255, 255, 255, 255, 255, 255, 255, 255, 255, 248, 250, 255, 255, 229, 107, 0, 3, 0, 0, 0, 11, 0, 7, 0, 1, 1, 1, 1, 1, 1, 1, 1, 1, 1, 1, 1, 1, 1, 1, 1, 0, 9, 1, 0, 0, 0, 0, 2, 8, 0, 0, 9, 0, 165, 255, 255, 255, 255, 255, 255, 255, 255, 255, 255, 253, 247, 252, 255, 255, 255, 254, 247, 247, 255, 255, 255, 255, 255, 250, 255, 255, 255, 255, 255, 255, 255, 255, 255, 255, 248, 248, 255, 254, 253, 95, 5, 1, 1, 1, 1, 1, 1, 1, 1, 1, 1, 1, 1, 1, 1
1, 1, 1, 1, 1, 1, 1, 1, 1, 1, 1, 1, 1, 1, 1, 1, 1, 1, 1, 1, 1, 1, 1, 1, 0, 0, 2, 0, 0, 12, 11, 0, 1, 10, 0, 12, 139, 250, 255, 243, 255, 255, 255, 255, 255, 255, 255, 255, 255, 255, 255, 255, 255, 255, 255, 255, 255, 255, 255, 255, 255, 255, 255, 255, 250, 255, 255, 233, 250, 255, 181, 32, 0, 9, 7, 0, 14, 0, 0, 2, 1, 1, 1, 1, 1, 1, 1, 1, 1, 1, 1, 1, 1, 1, 1, 1, 2, 0, 0, 3, 9, 3, 3, 2, 0, 10, 4, 43, 128, 255, 255, 240, 255, 255, 255, 255, 255, 255, 255, 255, 252, 255, 253, 243, 255, 255, 255, 255, 255, 253, 246, 254, 255, 254, 250, 255, 255, 255, 255, 255, 255, 255, 255, 255, 255, 252, 250, 255, 250, 248, 107, 0, 1, 1, 1, 1, 1, 1, 1, 1, 1, 1, 1, 1, 1, 1
1, 1, 1, 1, 1, 1, 1, 1, 1, 1, 1, 1, 1, 1, 1, 1, 1, 1, 1, 1, 1, 1, 1, 1, 8, 0, 0, 8, 0, 0, 9, 8, 0, 10, 46, 195, 255, 246, 255, 255, 255, 255, 255, 255, 255, 255, 255, 255, 255, 255, 255, 255, 255, 255, 255, 255, 255, 255, 255, 255, 255, 255, 255, 255, 250, 255, 255, 250, 253, 255, 240, 180, 3, 1, 2, 0, 11, 0, 0, 7, 1, 1, 1, 1, 1, 1, 1, 1, 1, 1, 1, 1, 1, 1, 1, 1, 8, 0, 0, 5, 2, 1, 1, 0, 2, 3, 38, 218, 255, 248, 252, 255, 255, 255, 255, 255, 255, 255, 255, 255, 255, 255, 249, 247, 255, 255, 243, 254, 242, 255, 255, 252, 248, 250, 255, 255, 255, 255, 255, 255, 255, 255, 255, 255, 255, 254, 255, 255, 252, 249, 135, 0, 1, 1, 1, 1, 1, 1, 1, 1, 1, 1, 1, 1, 1, 1
1, 1, 1, 1, 1, 1, 1, 1, 1, 1, 1, 1, 1, 1, 1, 1, 1, 1, 1, 1, 1, 1, 1, 1, 4, 0, 0, 4, 0, 0, 0, 9, 0, 91, 237, 255, 250, 253, 245, 255, 255, 255, 255, 255, 255, 255, 255, 255, 255, 255, 255, 255, 255, 255, 255, 255, 255, 255, 255, 255, 255, 255, 255, 255, 255, 243, 252, 255, 255, 243, 254, 255, 73, 0, 0, 1, 6, 0, 1, 3, 1, 1, 1, 1, 1, 1, 1, 1, 1, 1, 1, 1, 1, 1, 1, 1, 4, 0, 10, 3, 0, 0, 2, 0, 2, 68, 207, 255, 248, 255, 238, 255, 255, 255, 255, 255, 255, 255, 255, 255, 253, 252, 255, 255, 255, 247, 250, 255, 255, 250, 253, 250, 255, 250, 254, 255, 255, 255, 255, 255, 255, 255, 255, 255, 253, 255, 255, 250, 255, 255, 159, 4, 1, 1, 1, 1, 1, 1, 1, 1, 1, 1, 1, 1, 1, 1
1, 1, 1, 1, 1, 1, 1, 1, 1, 1, 1, 1, 1, 1, 1, 1, 1, 1, 1, 1, 1, 1, 1, 1, 0, 15, 0, 0, 14, 9, 0, 1, 104, 255, 255, 237, 255, 253, 255, 237, 255, 255, 255, 255, 255, 255, 255, 255, 255, 255, 255, 255, 255, 255, 255, 255, 255, 255, 255, 255, 255, 255, 255, 255, 255, 254, 250, 250, 250, 255, 255, 243, 184, 9, 0, 19, 0, 0, 10, 0, 1, 1, 1, 1, 1, 1, 1, 1, 1, 1, 1, 1, 1, 1, 1, 1, 0, 0, 12, 0, 0, 12, 0, 0, 47, 237, 255, 243, 253, 255, 255, 238, 255, 255, 255, 255, 255, 255, 255, 255, 252, 249, 255, 255, 236, 255, 255, 238, 189, 118, 96, 152, 255, 255, 248, 255, 255, 255, 255, 255, 255, 255, 255, 255, 252, 254, 255, 249, 255, 255, 151, 8, 1, 1, 1, 1, 1, 1, 1, 1, 1, 1, 1, 1, 1, 1
1, 1, 1, 1, 1, 1, 1, 1, 1, 1, 1, 1, 1, 1, 1, 1, 1, 1, 1, 1, 1, 1, 1, 1, 0, 7, 0, 0, 2, 0, 12, 110, 250, 247, 255, 250, 255, 255, 240, 255, 255, 255, 255, 255, 255, 255, 255, 255, 255, 255, 255, 255, 255, 255, 255, 255, 255, 255, 255, 255, 255, 255, 255, 255, 253, 255, 255, 253, 248, 255, 255, 243, 241, 14, 0, 13, 0, 0, 15, 0, 1, 1, 1, 1, 1, 1, 1, 1, 1, 1, 1, 1, 1, 1, 1, 1, 4, 0, 5, 0, 1, 9, 0, 5, 197, 237, 255, 248, 254, 255, 235, 255, 255, 255, 255, 255, 255, 255, 255, 255, 255, 249, 255, 253, 252, 255, 227, 103, 24, 0, 0, 17, 197, 255, 255, 255, 255, 255, 255, 255, 255, 255, 255, 255, 255, 252, 255, 249, 255, 252, 107, 2, 1, 1, 1, 1, 1, 1, 1, 1, 1, 1, 1, 1, 1, 1
1, 1, 1, 1, 1, 1, 1, 1, 1, 1, 1, 1, 1, 1, 1, 1, 1, 1, 1, 1, 1, 1, 1, 1, 10, 0, 0, 6, 0, 7, 118, 243, 253, 250, 253, 255, 245, 233, 255, 243, 255, 255, 255, 255, 255, 255, 255, 255, 255, 255, 255, 255, 255, 255, 255, 255, 255, 255, 255, 255, 255, 255, 255, 255, 250, 246, 255, 255, 255, 250, 255, 255, 248, 36, 0, 0, 0, 0, 7, 0, 1, 1, 1, 1, 1, 1, 1, 1, 1, 1, 1, 1, 1, 1, 1, 1, 8, 0, 5, 0, 2, 0, 0, 96, 249, 254, 255, 255, 243, 243, 255, 250, 255, 255, 255, 255, 255, 255, 255, 255, 255, 250, 242, 255, 255, 208, 91, 0, 0, 17, 0, 1, 191, 255, 255, 250, 255, 255, 255, 255, 255, 255, 255, 255, 255, 250, 255, 252, 254, 245, 58, 0, 1, 1, 1, 1, 1, 1, 1, 1, 1, 1, 1, 1, 1, 1
1, 1, 1, 1, 1, 1, 1, 1, 1, 1, 1, 1, 1, 1, 1, 1, 1, 1, 1, 1, 1, 1, 1, 1, 0, 0, 9, 0, 1, 121, 247, 255, 254, 255, 250, 250, 254, 254, 255, 253, 255, 255, 255, 255, 255, 255, 255, 255, 255, 255, 255, 255, 255, 255, 255, 255, 255, 255, 255, 255, 255, 255, 255, 255, 255, 252, 249, 252, 252, 255, 255, 243, 255, 80, 19, 0, 4, 5, 0, 0, 1, 1, 1, 1, 1, 1, 1, 1, 1, 1, 1, 1, 1, 1, 1, 1, 0, 0, 12, 4, 5, 0, 35, 227, 255, 253, 248, 247, 255, 253, 236, 255, 255, 255, 255, 255, 255, 255, 255, 255, 255, 255, 252, 255, 237, 85, 0, 11, 3, 8, 0, 40, 250, 255, 237, 255, 255, 255, 255, 255, 255, 255, 255, 255, 255, 248, 255, 255, 254, 243, 29, 1, 1, 1, 1, 1, 1, 1, 1, 1, 1, 1, 1, 1, 1, 1
1, 1, 1, 1, 1, 1, 1, 1, 1, 1, 1, 1, 1, 1, 1, 1, 0, 7, 3, 0, 3, 1, 0, 0, 1, 0, 0, 42, 147, 253, 255, 239, 255, 255, 255, 255, 255, 255, 255, 255, 255, 255, 255, 255, 255, 255, 255, 255, 255, 254, 250, 249, 253, 255, 255, 254, 255, 255, 253, 255, 253, 255, 255, 243, 255, 255, 255, 255, 255, 255, 255, 255, 255, 86, 2, 0, 3, 3, 0, 1, 1, 1, 1, 1, 1, 1, 1, 1, 1, 1, 1, 1, 1, 1, 1, 1, 0, 0, 17, 0, 7, 8, 217, 254, 255, 255, 255, 255, 255, 255, 255, 255, 255, 255, 255, 255, 255, 255, 255, 255, 252, 254, 255, 247, 201, 4, 0, 1, 14, 0, 11, 167, 255, 255, 240, 253, 255, 255, 255, 255, 255, 255, 255, 255, 255, 249, 255, 255, 255, 202, 18, 0, 1, 1, 1, 1, 1, 1, 1, 1, 1, 1, 1, 1, 1, 1
1, 1, 1, 1, 1, 1, 1, 1, 1, 1, 1, 1, 1, 1, 1, 1, 12, 2, 0, 0, 13, 0, 0, 22, 0, 0, 87, 218, 255, 243, 241, 255, 255, 255, 255, 255, 255, 255, 255, 255, 255, 255, 255, 255, 255, 255, 255, 255, 247, 255, 255, 254, 255, 250, 242, 255, 248, 249, 243, 255, 255, 241, 254, 255, 255, 255, 255, 255, 255, 255, 255, 255, 250, 104, 0, 0, 4, 0, 0, 2, 1, 1, 1, 1, 1, 1, 1, 1, 1, 1, 1, 1, 1, 1, 1, 1, 5, 0, 0, 3, 0, 145, 247, 255, 255, 255, 255, 255, 255, 255, 255, 255, 255, 255, 255, 255, 255, 255, 255, 255, 254, 255, 253, 235, 64, 2, 28, 0, 0, 1, 87, 233, 255, 253, 236, 255, 255, 255, 255, 255, 255, 255, 255, 255, 252, 255, 249, 255, 255, 161, 3, 0, 1, 1, 1, 1, 1, 1, 1, 1, 1, 1, 1, 1, 1, 1
1, 1, 1, 1, 1, 1, 1, 1, 1, 1, 1, 1, 1, 1, 1, 1, 13, 0, 0, 3, 0, 2, 10, 0, 10, 117, 224, 255, 255, 255, 254, 242, 255, 255, 255, 255, 255, 255, 255, 255, 255, 255, 255, 255, 255, 255, 255, 255, 255, 231, 241, 255, 249, 255, 255, 238, 255, 255, 248, 252, 255, 241, 249, 255, 255, 255, 255, 255, 255, 255, 255, 255, 249, 142, 3, 0, 7, 0, 1, 1, 1, 1, 1, 1, 1, 1, 1, 1, 1, 1, 1, 1, 1, 1, 1, 1, 1, 0, 7, 5, 0, 237, 253, 255, 255, 255, 255, 255, 255, 255, 255, 255, 255, 255, 255, 255, 255, 255, 255, 255, 249, 255, 255, 235, 18, 0, 1, 0, 12, 110, 211, 255, 255, 253, 249, 255, 255, 255, 255, 255, 255, 255, 255, 255, 250, 255, 248, 250, 250, 78, 0, 4, 1, 1, 1, 1, 1, 1, 1, 1, 1, 1, 1, 1, 1, 1
1, 1, 1, 1, 1, 1, 1, 1, 1, 1, 1, 1, 1, 1, 1, 1, 0, 4, 5, 1, 2, 1, 0, 4, 166, 233, 255, 255, 242, 255, 255, 250, 255, 255, 255, 255, 255, 255, 255, 255, 255, 255, 255, 255, 255, 255, 255, 255, 252, 255, 255, 255, 255, 255, 249, 237, 96, 207, 249, 252, 255, 255, 252, 238, 255, 255, 255, 255, 255, 255, 255, 255, 255, 183, 11, 0, 10, 0, 2, 0, 1, 1, 1, 1, 1, 1, 1, 1, 1, 1, 1, 1, 1, 1, 1, 1, 2, 0, 22, 0, 77, 255, 252, 246, 255, 255, 255, 255, 255, 255, 255, 255, 255, 255, 255, 255, 255, 255, 255, 255, 252, 252, 255, 245, 142, 5, 7, 51, 144, 225, 255, 255, 240, 255, 255, 241, 255, 255, 255, 255, 255, 255, 255, 255, 254, 255, 254, 250, 207, 2, 0, 4, 1, 1, 1, 1, 1, 1, 1, 1, 1, 1, 1, 1, 1, 1
1, 1, 1, 1, 1, 1, 1, 1, 1, 1, 1, 1, 1, 1, 1, 1, 0, 19, 0, 0, 22, 0, 12, 144, 255, 255, 255, 255, 255, 255, 255, 255, 255, 255, 255, 255, 255, 255, 255, 255, 255, 255, 255, 255, 255, 255, 255, 255, 255, 245, 253, 255, 247, 224, 145, 36, 47, 198, 255, 252, 248, 252, 255, 253, 255, 255, 255, 255, 255, 255, 255, 255, 255, 199, 12, 0, 9, 0, 2, 0, 1, 1, 1, 1, 1, 1, 1, 1, 1, 1, 1, 1, 1, 1, 1, 1, 9, 0, 1, 7, 199, 255, 255, 250, 255, 255, 255, 255, 255, 255, 255, 255, 255, 255, 255, 255, 255, 255, 255, 255, 255, 253, 255, 250, 255, 138, 142, 213, 253, 253, 255, 254, 255, 252, 255, 255, 255, 255, 255, 255, 255, 255, 255, 255, 252, 255, 255, 255, 133, 0, 2, 2, 1, 1, 1, 1, 1, 1, 1, 1, 1, 1, 1, 1, 1, 1
1, 1, 1, 1, 1, 1, 1, 1, 1, 1, 1, 1, 1, 1, 1, 1, 0, 0, 4, 0, 0, 26, 144, 248, 245, 255, 253, 243, 249, 255, 255, 238, 255, 255, 255, 255, 255, 255, 255, 255, 255, 255, 255, 255, 255, 255, 255, 255, 237, 255, 250, 176, 88, 24, 4, 15, 204, 255, 255, 247, 243, 246, 255, 255, 255, 255, 255, 255, 255, 255, 255, 255, 250, 190, 4, 0, 3, 0, 1, 2, 1, 1, 1, 1, 1, 1, 1, 1, 1, 1, 1, 1, 1, 1, 1, 1, 1, 6, 0, 80, 255, 255, 252, 255, 255, 255, 255, 255, 255, 255, 255, 255, 255, 255, 255, 255, 255, 255, 255, 255, 255, 255, 255, 255, 255, 250, 253, 255, 255, 252, 253, 246, 255, 250, 255, 255, 255, 255, 255, 255, 255, 255, 255, 255, 249, 255, 249, 255, 59, 12, 0, 2, 1, 1, 1, 1, 1, 1, 1, 1, 1, 1, 1, 1, 1, 1
1, 1, 1, 1, 1, 1, 1, 1, 1, 1, 1, 1, 1, 1, 1, 1, 2, 0, 8, 5, 17, 145, 255, 255, 255, 250, 250, 255, 255, 250, 249, 255, 255, 255, 255, 255, 255, 255, 255, 255, 255, 255, 255, 255, 255, 255, 255, 255, 249, 252, 103, 0, 6, 0, 31, 202, 255, 255, 245, 255, 255, 255, 255, 241, 255, 255, 255, 255, 255, 255, 255, 255, 250, 175, 1, 0, 0, 4, 0, 3, 1, 1, 1, 1, 1, 1, 1, 1, 1, 1, 1, 1, 1, 1, 1, 1, 0, 15, 4, 146, 252, 243, 248, 255, 255, 255, 255, 255, 255, 255, 255, 255, 255, 255, 255, 255, 255, 255, 255, 255, 249, 255, 255, 255, 237, 255, 255, 239, 247, 255, 255, 241, 253, 252, 255, 243, 255, 255, 255, 255, 255, 255, 255, 255, 253, 255, 245, 156, 14, 12, 0, 3, 1, 1, 1, 1, 1, 1, 1, 1, 1, 1, 1, 1, 1, 1
1, 1, 1, 1, 1, 1, 1, 1, 1, 1, 1, 1, 1, 1, 1, 1, 0, 24, 0, 6, 159, 255, 255, 255, 252, 255, 255, 252, 253, 255, 255, 253, 255, 255, 255, 255, 255, 255, 255, 255, 255, 255, 255, 255, 255, 255, 255, 255, 176, 19, 0, 16, 0, 65, 218, 255, 250, 255, 255, 255, 247, 243, 255, 253, 255, 255, 255, 255, 255, 255, 255, 255, 255, 169, 4, 5, 0, 9, 0, 3, 1, 1, 1, 1, 1, 1, 1, 1, 1, 1, 1, 1, 1, 1, 1, 1, 1, 0, 0, 163, 252, 255, 255, 242, 255, 255, 255, 255, 255, 255, 255, 255, 255, 255, 255, 255, 255, 255, 255, 255, 255, 252, 253, 254, 255, 250, 241, 255, 255, 243, 255, 254, 255, 240, 255, 255, 255, 255, 255, 255, 255, 255, 255, 255, 255, 249, 246, 32, 0, 0, 0, 2, 1, 1, 1, 1, 1, 1, 1, 1, 1, 1, 1, 1, 1, 1
1, 1, 1, 1, 1, 1, 1, 1, 1, 2, 5, 0, 0, 7, 0, 7, 0, 7, 0, 144, 255, 243, 247, 255, 243, 255, 186, 127, 199, 253, 247, 255, 255, 206, 185, 187, 234, 255, 248, 255, 253, 255, 255, 243, 255, 255, 247, 125, 0, 3, 7, 0, 89, 245, 255, 243, 255, 255, 255, 255, 255, 255, 255, 255, 255, 255, 255, 255, 255, 255, 255, 255, 255, 209, 11, 1, 0, 5, 0, 10, 1, 1, 1, 1, 1, 1, 1, 1, 1, 1, 1, 1, 1, 1, 1, 1, 0, 8, 2, 202, 247, 255, 236, 255, 255, 255, 255, 255, 255, 255, 255, 255, 255, 255, 255, 255, 255, 255, 255, 255, 255, 255, 255, 255, 255, 255, 255, 255, 255, 255, 255, 255, 255, 255, 255, 255, 255, 238, 255, 255, 241, 254, 255, 255, 240, 255, 161, 16, 0, 3, 0, 9, 1, 1, 1, 1, 1, 1, 1, 1, 1, 1, 1, 1, 1, 1
1, 1, 1, 1, 1, 1, 1, 1, 0, 0, 9, 0, 0, 5, 0, 0, 13, 0, 133, 255, 255, 255, 255, 242, 255, 126, 16, 0, 14, 79, 95, 40, 46, 12, 4, 1, 23, 70, 133, 225, 255, 250, 250, 255, 255, 214, 129, 0, 23, 0, 0, 129, 239, 243, 255, 246, 255, 255, 255, 255, 255, 255, 255, 255, 255, 255, 255, 255, 255, 255, 255, 255, 253, 187, 5, 0, 0, 2, 0, 2, 1, 1, 1, 1, 1, 1, 1, 1, 1, 1, 1, 1, 1, 1, 1, 1, 2, 0, 10, 189, 255, 255, 255, 241, 255, 255, 255, 255, 255, 255, 255, 255, 255, 255, 255, 255, 255, 255, 255, 255, 255, 255, 255, 255, 255, 255, 255, 255, 255, 255, 255, 255, 255, 255, 255, 255, 250, 255, 238, 255, 255, 249, 255, 250, 255, 181, 43, 0, 2, 6, 0, 0, 1, 1, 1, 1, 1, 1, 1, 1, 1, 1, 1, 1, 1, 1
1, 1, 1, 1, 1, 1, 1, 1, 2, 0, 9, 0, 0, 8, 0, 0, 0, 64, 227, 255, 240, 254, 252, 255, 121, 9, 0, 20, 0, 0, 24, 0, 13, 0, 0, 0, 4, 5, 2, 26, 95, 125, 144, 129, 90, 26, 13, 0, 0, 7, 104, 225, 255, 255, 242, 255, 255, 255, 255, 255, 255, 255, 255, 255, 255, 255, 255, 255, 255, 255, 255, 255, 255, 162, 5, 0, 4, 5, 0, 0, 1, 1, 1, 1, 1, 1, 1, 1, 1, 1, 1, 1, 1, 1, 1, 1, 14, 0, 0, 136, 234, 237, 255, 247, 255, 255, 255, 255, 255, 255, 255, 255, 255, 255, 255, 255, 255, 255, 255, 255, 255, 255, 255, 255, 255, 255, 255, 255, 255, 255, 255, 255, 255, 255, 255, 255, 255, 246, 255, 237, 254, 255, 223, 255, 193, 56, 0, 0, 6, 0, 0, 1, 1, 1, 1, 1, 1, 1, 1, 1, 1, 1, 1, 1, 1, 1
1, 1, 1, 1, 1, 1, 1, 1, 7, 0, 5, 1, 0, 11, 6, 1, 24, 227, 255, 249, 255, 255, 255, 203, 24, 0, 0, 18, 4, 0, 0, 1, 0, 2, 14, 6, 0, 0, 0, 0, 4, 15, 7, 0, 0, 0, 2, 11, 8, 112, 250, 255, 240, 255, 248, 255, 255, 255, 255, 255, 255, 255, 255, 255, 255, 255, 255, 255, 255, 255, 255, 255, 255, 131, 6, 0, 6, 4, 1, 0, 1, 1, 1, 1, 1, 1, 1, 1, 1, 1, 1, 1, 1, 1, 1, 1, 0, 4, 4, 143, 255, 246, 255, 252, 255, 255, 255, 255, 255, 255, 255, 255, 255, 255, 255, 255, 255, 255, 255, 255, 255, 255, 255, 255, 255, 255, 255, 255, 255, 255, 255, 255, 255, 255, 255, 255, 255, 255, 255, 255, 242, 255, 255, 215, 42, 0, 0, 22, 1, 0, 6, 5, 1, 1, 1, 1, 1, 1, 1, 1, 1, 1, 1, 1, 1, 1
1, 1, 1, 1, 1, 1, 1, 1, 5, 0, 4, 4, 0, 1, 0, 7, 121, 253, 242, 255, 255, 252, 242, 53, 0, 1, 0, 0, 0, 2, 0, 0, 3, 0, 0, 0, 0, 0, 6, 0, 8, 0, 0, 0, 18, 14, 0, 0, 154, 240, 255, 255, 252, 239, 255, 248, 255, 255, 255, 255, 255, 255, 255, 255, 255, 255, 255, 255, 255, 255, 255, 255, 255, 92, 3, 0, 0, 0, 1, 0, 1, 1, 1, 1, 1, 1, 1, 1, 1, 1, 1, 1, 1, 1, 1, 1, 0, 6, 8, 96, 255, 250, 253, 255, 255, 255, 255, 255, 255, 255, 255, 255, 255, 255, 255, 255, 255, 255, 255, 255, 255, 255, 255, 255, 255, 255, 255, 255, 255, 255, 255, 255, 255, 255, 255, 255, 255, 255, 254, 253, 255, 255, 215, 73, 0, 0, 1, 0, 0, 1, 4, 0, 1, 1, 1, 1, 1, 1, 1, 1, 1, 1, 1, 1, 1, 1
1, 1, 1, 1, 1, 1, 1, 1, 0, 0, 5, 6, 3, 0, 0, 48, 235, 252, 255, 255, 254, 255, 255, 138, 59, 101, 137, 124, 99, 118, 138, 124, 116, 49, 1, 8, 2, 0, 13, 0, 0, 0, 13, 18, 0, 0, 32, 120, 255, 255, 252, 255, 255, 255, 255, 248, 255, 255, 255, 255, 255, 255, 255, 255, 255, 255, 255, 255, 255, 255, 255, 255, 255, 55, 5, 0, 1, 0, 6, 0, 1, 1, 1, 1, 1, 1, 1, 1, 1, 1, 1, 1, 1, 1, 1, 1, 8, 0, 0, 8, 233, 243, 255, 255, 255, 255, 255, 255, 255, 255, 255, 255, 255, 255, 255, 255, 255, 255, 255, 255, 255, 255, 255, 255, 255, 255, 255, 255, 255, 255, 255, 255, 255, 255, 255, 255, 255, 235, 255, 255, 255, 185, 29, 4, 5, 6, 0, 0, 4, 6, 0, 2, 1, 1, 1, 1, 1, 1, 1, 1, 1, 1, 1, 1, 1, 1
1, 1, 1, 1, 1, 1, 1, 1, 0, 0, 4, 0, 3, 0, 32, 158, 254, 246, 255, 240, 236, 252, 250, 255, 255, 246, 252, 243, 230, 253, 255, 248, 247, 238, 226, 215, 157, 96, 53, 0, 6, 0, 6, 0, 0, 101, 193, 255, 255, 240, 255, 241, 245, 255, 243, 255, 255, 255, 255, 255, 255, 255, 255, 255, 255, 255, 255, 255, 255, 255, 255, 255, 241, 22, 6, 1, 5, 0, 11, 1, 1, 1, 1, 1, 1, 1, 1, 1, 1, 1, 1, 1, 1, 1, 1, 1, 0, 0, 12, 4, 159, 255, 255, 250, 255, 255, 255, 255, 255, 255, 255, 255, 255, 255, 255, 255, 255, 255, 255, 255, 255, 255, 255, 255, 255, 255, 255, 255, 255, 255, 255, 255, 255, 255, 255, 255, 255, 255, 238, 250, 187, 32, 0, 3, 0, 0, 1, 7, 3, 0, 2, 3, 1, 1, 1, 1, 1, 1, 1, 1, 1, 1, 1, 1, 1, 1
1, 1, 1, 1, 1, 1, 1, 1, 0, 7, 1, 0, 2, 3, 85, 255, 255, 253, 255, 255, 255, 255, 250, 250, 253, 255, 255, 255, 255, 252, 247, 255, 254, 255, 253, 250, 252, 255, 202, 46, 0, 0, 0, 0, 47, 227, 255, 248, 250, 255, 250, 255, 255, 246, 255, 255, 255, 255, 255, 255, 255, 255, 255, 255, 255, 255, 255, 255, 255, 255, 255, 255, 223, 0, 1, 0, 4, 0, 8, 0, 1, 1, 1, 1, 1, 1, 1, 1, 1, 1, 1, 1, 1, 1, 1, 1, 0, 9, 0, 0, 24, 248, 243, 255, 255, 255, 255, 255, 255, 255, 255, 255, 255, 255, 255, 255, 255, 255, 255, 255, 255, 255, 255, 255, 255, 255, 255, 255, 255, 255, 255, 255, 255, 255, 255, 255, 246, 255, 252, 131, 9, 1, 7, 0, 3, 0, 7, 9, 0, 0, 10, 0, 1, 1, 1, 1, 1, 1, 1, 1, 1, 1, 1, 1, 1, 1
1, 1, 1, 1, 1, 1, 1, 1, 4, 0, 4, 0, 0, 8, 239, 255, 255, 255, 255, 255, 255, 255, 255, 255, 255, 255, 255, 255, 255, 255, 255, 255, 254, 255, 255, 250, 255, 240, 255, 73, 4, 0, 2, 0, 204, 250, 255, 255, 255, 255, 250, 255, 245, 255, 255, 255, 255, 236, 255, 255, 241, 250, 255, 255, 255, 255, 245, 255, 255, 250, 255, 250, 146, 6, 0, 7, 0, 5, 0, 3, 1, 1, 1, 1, 1, 1, 1, 1, 1, 1, 1, 1, 1, 1, 1, 1, 8, 0, 3, 0, 5, 149, 255, 234, 250, 252, 255, 255, 250, 255, 255, 250, 255, 255, 254, 253, 253, 254, 255, 255, 253, 255, 255, 255, 255, 255, 255, 255, 255, 255, 255, 255, 255, 253, 252, 253, 255, 219, 107, 0, 0, 9, 15, 0, 1, 1, 1, 1, 1, 1, 1, 1, 1, 1, 1, 1, 1, 1, 1, 1, 1, 1, 1, 1, 1, 1
1, 1, 1, 1, 1, 1, 1, 1, 0, 17, 0, 3, 0, 137, 246, 255, 255, 255, 255, 255, 255, 255, 255, 255, 255, 255, 255, 255, 255, 255, 255, 255, 254, 255, 255, 252, 255, 248, 255, 60, 0, 0, 7, 72, 237, 255, 247, 255, 249, 255, 253, 255, 250, 255, 242, 252, 247, 255, 250, 247, 255, 255, 242, 252, 252, 255, 254, 252, 247, 255, 246, 255, 110, 1, 0, 5, 0, 7, 0, 2, 1, 1, 1, 1, 1, 1, 1, 1, 1, 1, 1, 1, 1, 1, 1, 1, 0, 0, 9, 3, 0, 43, 183, 255, 255, 255, 254, 255, 254, 241, 246, 255, 255, 255, 253, 252, 252, 253, 255, 255, 255, 255, 255, 253, 250, 248, 249, 250, 255, 253, 240, 241, 253, 255, 255, 253, 154, 67, 1, 2, 12, 0, 0, 9, 1, 1, 1, 1, 1, 1, 1, 1, 1, 1, 1, 1, 1, 1, 1, 1, 1, 1, 1, 1, 1, 1
1, 1, 1, 1, 1, 1, 1, 1, 0, 22, 0, 3, 53, 250, 249, 255, 255, 255, 255, 255, 255, 255, 255, 255, 255, 255, 255, 255, 255, 255, 255, 255, 255, 252, 255, 255, 255, 255, 238, 36, 0, 2, 3, 161, 255, 255, 243, 255, 247, 255, 253, 255, 255, 250, 242, 255, 249, 255, 252, 243, 255, 255, 250, 255, 250, 255, 253, 255, 255, 255, 243, 255, 60, 0, 0, 0, 0, 8, 0, 3, 1, 1, 1, 1, 1, 1, 1, 1, 1, 1, 1, 1, 1, 1, 1, 1, 0, 0, 0, 5, 0, 0, 55, 192, 233, 255, 255, 243, 255, 255, 255, 247, 255, 255, 255, 255, 255, 255, 255, 255, 250, 253, 255, 255, 255, 255, 255, 255, 232, 255, 255, 255, 255, 255, 195, 110, 17, 0, 0, 1, 6, 0, 0, 10, 1, 1, 1, 1, 1, 1, 1, 1, 1, 1, 1, 1, 1, 1, 1, 1, 1, 1, 1, 1, 1, 1
1, 1, 1, 1, 1, 1, 1, 1, 4, 2, 0, 0, 154, 255, 250, 255, 255, 255, 255, 255, 255, 255, 255, 255, 255, 255, 255, 255, 255, 255, 255, 255, 255, 248, 255, 255, 254, 255, 195, 10, 3, 0, 0, 193, 255, 255, 252, 255, 252, 255, 249, 255, 255, 250, 255, 255, 255, 240, 250, 255, 255, 249, 255, 241, 255, 252, 246, 255, 255, 250, 254, 205, 20, 0, 2, 0, 3, 7, 0, 4, 1, 1, 1, 1, 1, 1, 1, 1, 1, 1, 1, 1, 1, 1, 1, 1, 4, 2, 0, 0, 20, 0, 0, 29, 130, 224, 255, 246, 245, 247, 249, 255, 255, 255, 255, 255, 255, 250, 246, 242, 255, 255, 255, 255, 253, 248, 246, 246, 255, 246, 241, 255, 224, 121, 29, 0, 0, 7, 16, 0, 0, 3, 6, 0, 1, 1, 1, 1, 1, 1, 1, 1, 1, 1, 1, 1, 1, 1, 1, 1, 1, 1, 1, 1, 1, 1
1, 1, 1, 1, 1, 1, 1, 1, 5, 0, 0, 6, 227, 243, 255, 250, 255, 255, 255, 255, 255, 255, 255, 255, 255, 255, 255, 255, 255, 255, 255, 255, 255, 248, 255, 254, 252, 255, 143, 0, 5, 0, 0, 189, 250, 248, 255, 250, 255, 255, 249, 254, 255, 253, 255, 234, 87, 44, 79, 197, 246, 253, 255, 245, 255, 255, 250, 254, 255, 239, 255, 93, 0, 4, 3, 0, 2, 4, 0, 6, 1, 1, 1, 1, 1, 1, 1, 1, 1, 1, 1, 1, 1, 1, 1, 1, 2, 5, 0, 0, 2, 3, 0, 0, 17, 24, 36, 99, 175, 179, 159, 177, 193, 203, 219, 237, 250, 255, 255, 255, 250, 255, 255, 255, 255, 248, 243, 240, 193, 171, 110, 39, 5, 10, 13, 1, 9, 2, 0, 0, 5, 10, 3, 0, 1, 1, 1, 1, 1, 1, 1, 1, 1, 1, 1, 1, 1, 1, 1, 1, 1, 1, 1, 1, 1, 1
1, 1, 1, 1, 1, 1, 1, 1, 0, 8, 0, 47, 245, 245, 255, 249, 255, 255, 255, 255, 255, 255, 255, 255, 255, 255, 255, 255, 255, 255, 255, 255, 255, 252, 255, 252, 254, 255, 91, 0, 0, 0, 7, 193, 253, 250, 255, 247, 252, 254, 255, 255, 255, 255, 253, 144, 23, 0, 0, 140, 255, 255, 249, 250, 247, 255, 255, 246, 250, 255, 253, 17, 0, 5, 2, 0, 1, 1, 0, 4, 1, 1, 1, 1, 1, 1, 1, 1, 1, 1, 1, 1, 1, 1, 1, 1, 1, 0, 6, 5, 0, 0, 9, 6, 0, 0, 0, 0, 3, 0, 0, 17, 0, 4, 26, 51, 73, 89, 97, 102, 120, 118, 109, 93, 69, 45, 24, 15, 0, 0, 4, 9, 3, 0, 0, 0, 5, 0, 0, 0, 4, 3, 0, 0, 1, 1, 1, 1, 1, 1, 1, 1, 1, 1, 1, 1, 1, 1, 1, 1, 1, 1, 1, 1, 1, 1
1, 1, 1, 1, 1, 1, 1, 1, 0, 4, 4, 96, 249, 255, 255, 252, 255, 255, 255, 255, 255, 255, 255, 255, 255, 255, 255, 255, 255, 255, 255, 255, 255, 255, 255, 250, 255, 255, 52, 2, 0, 0, 24, 213, 255, 255, 255, 253, 255, 252, 255, 255, 252, 255, 238, 52, 0, 0, 11, 156, 255, 246, 255, 255, 246, 255, 255, 255, 250, 255, 175, 0, 0, 1, 0, 1, 1, 0, 3, 0, 1, 1, 1, 1, 1, 1, 1, 1, 1, 1, 1, 1, 1, 1, 1, 1, 0, 0, 0, 1, 4, 0, 0, 0, 0, 16, 10, 0, 0, 9, 12, 0, 0, 0, 2, 5, 7, 7, 7, 6, 0, 0, 0, 3, 2, 1, 1, 1, 0, 16, 18, 0, 0, 15, 17, 0, 0, 7, 14, 2, 0, 0, 2, 1, 1, 1, 1, 1, 1, 1, 1, 1, 1, 1, 1, 1, 1, 1, 1, 1, 1, 1, 1, 1, 1, 1
1, 1, 1, 1, 1, 1, 1, 1, 8, 0, 11, 126, 255, 254, 249, 255, 255, 255, 255, 255, 255, 255, 255, 255, 255, 255, 255, 255, 255, 255, 255, 255, 253, 255, 254, 249, 255, 253, 32, 13, 0, 5, 31, 230, 253, 255, 242, 255, 255, 252, 255, 253, 243, 255, 234, 3, 0, 18, 107, 255, 255, 236, 255, 245, 255, 249, 247, 255, 249, 241, 70, 0, 0, 0, 0, 5, 2, 0, 7, 0, 1, 1, 1, 1, 1, 1, 1, 1, 1, 1, 1, 1, 1, 1, 1, 1, 0, 13, 0, 0, 4, 2, 0, 6, 0, 0, 2, 6, 2, 4, 2, 0, 4, 2, 0, 0, 0, 0, 0, 2, 0, 0, 1, 0, 0, 0, 1, 3, 10, 0, 0, 1, 5, 0, 0, 7, 8, 0, 0, 1, 7, 1, 0, 4, 1, 1, 1, 1, 1, 1, 1, 1, 1, 1, 1, 1, 1, 1, 1, 1, 1, 1, 1, 1, 1, 1
1, 1, 1, 1, 1, 1, 1, 1, 8, 0, 0, 162, 249, 249, 255, 255, 255, 255, 255, 255, 255, 255, 255, 255, 255, 255, 255, 255, 255, 255, 255, 255, 255, 242, 248, 255, 250, 204, 0, 0, 0, 0, 30, 220, 255, 255, 255, 255, 254, 241, 255, 255, 253, 255, 199, 31, 0, 117, 231, 255, 254, 250, 255, 255, 246, 255, 255, 255, 255, 141, 0, 2, 1, 1, 1, 1, 1, 1, 1, 1, 1, 1, 1, 1, 1, 1, 1, 1, 1, 1, 1, 1, 1, 1, 1, 1, 1, 1, 1, 1, 1, 1, 1, 1, 1, 1, 1, 1, 1, 1, 1, 1, 1, 1, 1, 1, 1, 1, 1, 1, 1, 1, 1, 1, 1, 1, 1, 1, 1, 1, 1, 1, 1, 1, 1, 1, 1, 1, 1, 1, 1, 1, 1, 1, 0, 0, 0, 0, 2, 4, 1, 0, 0, 4, 11, 0, 0, 3, 8, 0, 1, 1, 1, 1, 1, 1
1, 1, 1, 1, 1, 1, 1, 1, 2, 0, 6, 191, 255, 255, 255, 253, 255, 255, 255, 255, 255, 255, 255, 255, 255, 255, 255, 255, 255, 255, 255, 255, 253, 255, 255, 242, 243, 146, 0, 5, 3, 7, 19, 255, 252, 248, 255, 246, 255, 247, 255, 255, 243, 252, 254, 211, 224, 250, 255, 250, 248, 255, 255, 252, 255, 250, 234, 255, 167, 19, 7, 0, 1, 1, 1, 1, 1, 1, 1, 1, 1, 1, 1, 1, 1, 1, 1, 1, 1, 1, 1, 1, 1, 1, 1, 1, 1, 1, 1, 1, 1, 1, 1, 1, 1, 1, 1, 1, 1, 1, 1, 1, 1, 1, 1, 1, 1, 1, 1, 1, 1, 1, 1, 1, 1, 1, 1, 1, 1, 1, 1, 1, 1, 1, 1, 1, 1, 1, 1, 1, 1, 1, 1, 1, 2, 4, 4, 0, 0, 0, 0, 6, 11, 0, 0, 7, 1, 0, 0, 2, 1, 1, 1, 1, 1, 1
1, 1, 1, 1, 1, 1, 1, 1, 0, 0, 16, 215, 255, 255, 255, 253, 255, 255, 255, 255, 255, 255, 255, 255, 255, 255, 255, 255, 255, 255, 255, 255, 236, 255, 248, 242, 255, 113, 0, 3, 1, 2, 67, 255, 254, 243, 255, 245, 255, 246, 250, 255, 253, 250, 255, 255, 252, 255, 255, 255, 250, 255, 255, 252, 243, 245, 255, 195, 39, 0, 0, 5, 1, 1, 1, 1, 1, 1, 1, 1, 1, 1, 1, 1, 1, 1, 1, 1, 1, 1, 1, 1, 1, 1, 1, 1, 1, 1, 1, 1, 1, 1, 1, 1, 1, 1, 1, 1, 1, 1, 1, 1, 1, 1, 1, 1, 1, 1, 1, 1, 1, 1, 1, 1, 1, 1, 1, 1, 1, 1, 1, 1, 1, 1, 1, 1, 1, 1, 1, 1, 1, 1, 1, 1, 0, 0, 0, 0, 4, 7, 4, 0, 1, 0, 2, 2, 0, 11, 15, 0, 1, 1, 1, 1, 1, 1
1, 1, 1, 1, 1, 1, 1, 1, 1, 0, 17, 215, 250, 249, 255, 255, 255, 255, 255, 255, 255, 255, 255, 255, 255, 255, 255, 255, 255, 255, 255, 255, 255, 255, 243, 255, 250, 64, 0, 0, 0, 8, 173, 243, 255, 254, 252, 255, 253, 255, 249, 248, 255, 255, 252, 237, 255, 249, 243, 247, 255, 255, 255, 246, 246, 255, 243, 76, 0, 6, 0, 9, 1, 1, 1, 1, 1, 1, 1, 1, 1, 1, 1, 1, 1, 1, 1, 1, 1, 1, 1, 1, 1, 1, 1, 1, 1, 1, 1, 1, 1, 1, 1, 1, 1, 1, 1, 1, 1, 1, 1, 1, 1, 1, 1, 1, 1, 1, 1, 1, 1, 1, 1, 1, 1, 1, 1, 1, 1, 1, 1, 1, 1, 1, 1, 1, 1, 1, 1, 1, 1, 1, 1, 1, 18, 13, 5, 0, 0, 0, 0, 1, 19, 0, 0, 16, 7, 0, 0, 0, 1, 1, 1, 1, 1, 1
1, 1, 1, 1, 1, 1, 1, 1, 0, 0, 16, 202, 250, 248, 255, 255, 255, 255, 255, 255, 255, 255, 255, 255, 255, 255, 255, 255, 255, 255, 255, 255, 255, 255, 249, 255, 131, 8, 1, 11, 0, 91, 249, 236, 255, 255, 243, 255, 245, 255, 255, 246, 252, 255, 255, 255, 250, 255, 255, 255, 255, 255, 255, 255, 255, 254, 93, 6, 14, 0, 0, 0, 1, 1, 1, 1, 1, 1, 1, 1, 1, 1, 1, 1, 1, 1, 1, 1, 1, 1, 1, 1, 1, 1, 1, 1, 1, 1, 1, 1, 1, 1, 1, 1, 1, 1, 1, 1, 1, 1, 1, 1, 1, 1, 1, 1, 1, 1, 1, 1, 1, 1, 1, 1, 1, 1, 1, 1, 1, 1, 1, 1, 1, 1, 1, 1, 1, 1, 1, 1, 1, 1, 1, 1, 0, 0, 12, 14, 4, 0, 0, 6, 0, 0, 0, 0, 0, 5, 16, 6, 1, 1, 1, 1, 1, 1
1, 1, 1, 1, 1, 1, 1, 1, 0, 0, 12, 174, 255, 254, 255, 250, 255, 255, 255, 255, 255, 255, 255, 255, 255, 255, 255, 255, 255, 255, 255, 255, 242, 254, 246, 208, 19, 0, 0, 0, 48, 211, 255, 255, 252, 255, 250, 255, 252, 255, 255, 254, 255, 253, 254, 255, 255, 255, 253, 248, 246, 245, 243, 240, 150, 94, 13, 0, 4, 0, 0, 0, 1, 1, 1, 1, 1, 1, 1, 1, 1, 1, 1, 1, 1, 1, 1, 1, 1, 1, 1, 1, 1, 1, 1, 1, 1, 1, 1, 1, 1, 1, 1, 1, 1, 1, 1, 1, 1, 1, 1, 1, 1, 1, 1, 1, 1, 1, 1, 1, 1, 1, 1, 1, 1, 1, 1, 1, 1, 1, 1, 1, 1, 1, 1, 1, 1, 1, 1, 1, 1, 1, 1, 1, 14, 3, 0, 0, 2, 6, 1, 0, 11, 1, 2, 2, 0, 0, 2, 0, 1, 1, 1, 1, 1, 1
1, 1, 1, 1, 1, 1, 1, 1, 0, 1, 0, 130, 255, 253, 255, 248, 255, 255, 255, 255, 255, 255, 255, 255, 255, 255, 255, 255, 255, 255, 255, 255, 255, 255, 255, 174, 0, 0, 0, 14, 169, 255, 248, 255, 250, 254, 253, 255, 255, 247, 246, 255, 255, 254, 248, 248, 250, 250, 253, 255, 254, 203, 107, 24, 9, 0, 15, 0, 0, 14, 0, 7, 1, 1, 1, 1, 1, 1, 1, 1, 1, 1, 1, 1, 1, 1, 1, 1, 1, 1, 1, 1, 1, 1, 1, 1, 1, 1, 1, 1, 1, 1, 1, 1, 1, 1, 1, 1, 1, 1, 1, 1, 1, 1, 1, 1, 1, 1, 1, 1, 1, 1, 1, 1, 1, 1, 1, 1, 1, 1, 1, 1, 1, 1, 1, 1, 1, 1, 1, 1, 1, 1, 1, 1, 9, 0, 0, 24, 80, 134, 165, 174, 163, 83, 77, 133, 109, 17, 0, 11, 1, 1, 1, 1, 1, 1
1, 1, 1, 1, 1, 1, 1, 1, 1, 2, 0, 90, 250, 247, 255, 250, 255, 255, 255, 255, 255, 255, 255, 255, 255, 255, 255, 255, 255, 255, 255, 255, 255, 242, 255, 164, 0, 18, 38, 160, 255, 253, 254, 245, 255, 255, 248, 255, 253, 255, 255, 255, 248, 254, 255, 255, 250, 255, 247, 160, 56, 0, 0, 3, 0, 12, 0, 2, 12, 0, 0, 0, 1, 1, 1, 1, 1, 1, 1, 1, 1, 1, 1, 1, 1, 1, 1, 1, 1, 1, 1, 1, 1, 1, 1, 1, 1, 1, 1, 1, 1, 1, 1, 1, 1, 1, 1, 1, 1, 1, 1, 1, 1, 1, 1, 1, 1, 1, 1, 1, 1, 1, 1, 1, 1, 1, 1, 1, 1, 1, 1, 1, 1, 1, 1, 1, 1, 1, 1, 1, 1, 1, 1, 1, 0, 59, 153, 225, 255, 255, 253, 250, 250, 253, 255, 255, 246, 218, 158, 92, 1, 1, 1, 1, 1, 1
1, 1, 1, 1, 1, 1, 1, 1, 2, 4, 0, 0, 234, 243, 255, 250, 255, 250, 250, 255, 255, 252, 255, 255, 255, 255, 255, 255, 255, 255, 255, 255, 254, 255, 255, 223, 107, 92, 209, 255, 253, 255, 255, 249, 250, 255, 255, 250, 247, 250, 254, 255, 253, 250, 253, 255, 255, 235, 136, 13, 0, 1, 17, 0, 1, 1, 1, 1, 1, 1, 1, 1, 1, 1, 1, 1, 1, 1, 1, 1, 1, 1, 1, 1, 1, 1, 1, 1, 1, 1, 1, 1, 1, 1, 1, 1, 1, 1, 1, 1, 1, 1, 1, 1, 1, 1, 1, 1, 1, 1, 1, 1, 1, 1, 1, 1, 1, 1, 1, 1, 1, 1, 1, 1, 1, 1, 1, 1, 1, 1, 1, 1, 1, 1, 1, 1, 0, 13, 0, 0, 0, 3, 0, 30, 143, 243, 255, 246, 255, 255, 242, 255, 255, 253, 250, 255, 255, 254, 250, 252, 152, 60, 0, 0, 15, 3
1, 1, 1, 1, 1, 1, 1, 1, 4, 0, 0, 19, 71, 255, 255, 249, 255, 255, 255, 254, 255, 255, 250, 242, 255, 255, 255, 255, 255, 255, 255, 255, 255, 253, 255, 255, 236, 227, 255, 252, 247, 255, 255, 255, 255, 255, 255, 255, 255, 255, 254, 250, 252, 255, 255, 255, 173, 72, 0, 0, 24, 18, 0, 0, 1, 1, 1, 1, 1, 1, 1, 1, 1, 1, 1, 1, 1, 1, 1, 1, 1, 1, 1, 1, 1, 1, 1, 1, 1, 1, 1, 1, 1, 1, 1, 1, 1, 1, 1, 1, 1, 1, 1, 1, 1, 1, 1, 1, 1, 1, 1, 1, 1, 1, 1, 1, 1, 1, 1, 1, 1, 1, 1, 1, 1, 1, 1, 1, 1, 1, 1, 1, 1, 1, 1, 1, 22, 0, 5, 5, 10, 2, 96, 226, 252, 255, 253, 240, 255, 255, 255, 243, 253, 255, 255, 255, 253, 250, 253, 255, 247, 187, 71, 0, 0, 6
1, 1, 1, 1, 1, 1, 1, 1, 1, 0, 0, 15, 0, 169, 255, 255, 255, 255, 255, 250, 248, 253, 255, 255, 255, 255, 255, 255, 255, 255, 255, 255, 252, 247, 247, 255, 255, 255, 255, 247, 255, 255, 254, 250, 247, 245, 250, 255, 250, 255, 255, 248, 255, 255, 226, 174, 18, 0, 0, 5, 5, 0, 0, 14, 1, 1, 1, 1, 1, 1, 1, 1, 1, 1, 1, 1, 1, 1, 1, 1, 1, 1, 1, 1, 1, 1, 1, 1, 1, 1, 1, 1, 1, 1, 1, 1, 1, 1, 1, 1, 1, 1, 1, 1, 1, 1, 1, 1, 1, 1, 1, 1, 1, 1, 1, 1, 1, 1, 1, 1, 1, 1, 1, 1, 1, 1, 1, 1, 1, 1, 1, 1, 1, 1, 1, 1, 0, 0, 6, 7, 4, 167, 243, 255, 253, 249, 255, 255, 242, 241, 255, 255, 255, 255, 255, 254, 254, 255, 255, 255, 255, 255, 174, 6, 0, 8
1, 1, 1, 1, 1, 1, 1, 1, 4, 1, 0, 0, 9, 24, 165, 255, 255, 249, 250, 255, 255, 255, 253, 254, 255, 255, 255, 255, 255, 255, 255, 255, 255, 255, 255, 250, 246, 241, 252, 255, 255, 250, 246, 254, 255, 255, 255, 255, 246, 255, 255, 252, 255, 248, 134, 5, 0, 4, 12, 0, 0, 0, 3, 0, 1, 1, 1, 1, 1, 1, 1, 1, 1, 1, 1, 1, 1, 1, 1, 1, 1, 1, 1, 1, 1, 1, 1, 1, 1, 1, 1, 1, 1, 1, 1, 1, 1, 1, 1, 1, 1, 1, 1, 1, 1, 1, 1, 1, 1, 1, 1, 1, 1, 1, 1, 1, 1, 1, 1, 1, 1, 1, 1, 1, 1, 1, 1, 1, 1, 1, 1, 1, 1, 1, 1, 1, 0, 17, 0, 0, 204, 249, 255, 255, 255, 246, 255, 255, 255, 255, 255, 247, 255, 252, 243, 243, 253, 255, 255, 249, 245, 255, 243, 41, 12, 0
1, 1, 1, 1, 1, 1, 1, 1, 8, 0, 4, 0, 0, 5, 21, 186, 254, 255, 255, 246, 243, 253, 255, 255, 255, 255, 255, 255, 255, 255, 255, 255, 255, 255, 255, 254, 255, 255, 254, 255, 253, 253, 255, 255, 255, 254, 248, 247, 255, 243, 248, 255, 202, 88, 5, 0, 10, 0, 0, 1, 5, 1, 0, 3, 1, 1, 1, 1, 1, 1, 1, 1, 1, 1, 1, 1, 1, 1, 1, 1, 1, 1, 1, 1, 1, 1, 1, 1, 1, 1, 1, 1, 1, 1, 1, 1, 1, 1, 1, 1, 1, 1, 1, 1, 1, 1, 1, 1, 1, 1, 1, 1, 1, 1, 1, 1, 1, 1, 1, 1, 1, 1, 1, 1, 1, 1, 1, 1, 1, 1, 1, 1, 1, 1, 1, 1, 12, 0, 1, 140, 255, 240, 255, 254, 255, 255, 248, 239, 254, 255, 250, 250, 255, 255, 252, 253, 254, 253, 252, 252, 254, 255, 255, 118, 1, 0
1, 1, 1, 1, 1, 1, 1, 1, 0, 0, 8, 1, 0, 6, 0, 31, 129, 221, 255, 255, 239, 250, 255, 255, 255, 255, 255, 255, 255, 255, 255, 255, 243, 249, 255, 250, 255, 255, 246, 252, 253, 255, 255, 254, 245, 248, 255, 255, 254, 250, 192, 88, 16, 5, 5, 0, 0, 0, 5, 8, 0, 0, 0, 11, 1, 1, 1, 1, 1, 1, 1, 1, 1, 1, 1, 1, 1, 1, 1, 1, 1, 1, 1, 1, 1, 1, 1, 1, 1, 1, 1, 1, 1, 1, 1, 1, 1, 1, 1, 1, 1, 1, 1, 1, 1, 1, 1, 1, 1, 1, 1, 1, 1, 1, 1, 1, 1, 1, 1, 1, 1, 1, 1, 1, 1, 1, 1, 1, 1, 1, 1, 1, 1, 1, 1, 1, 0, 35, 51, 252, 249, 255, 242, 255, 242, 255, 255, 252, 255, 255, 254, 255, 247, 249, 255, 255, 255, 248, 247, 255, 255, 255, 255, 219, 17, 0
1, 1, 1, 1, 1, 1, 1, 1, 0, 10, 5, 0, 11, 0, 16, 0, 0, 91, 207, 255, 255, 255, 255, 242, 255, 255, 255, 255, 255, 255, 255, 255, 255, 255, 255, 254, 245, 255, 250, 255, 248, 255, 255, 250, 255, 255, 255, 242, 229, 95, 0, 0, 8, 0, 0, 16, 1, 6, 1, 0, 0, 14, 6, 0, 1, 1, 1, 1, 1, 1, 1, 1, 1, 1, 1, 1, 1, 1, 1, 1, 1, 1, 1, 1, 1, 1, 1, 1, 1, 1, 1, 1, 1, 1, 1, 1, 1, 1, 1, 1, 1, 1, 1, 1, 1, 1, 1, 1, 1, 1, 1, 1, 1, 1, 1, 1, 1, 1, 1, 1, 1, 1, 1, 1, 1, 1, 1, 1, 1, 1, 1, 1, 1, 1, 1, 1, 4, 15, 172, 255, 255, 241, 255, 245, 255, 245, 252, 255, 243, 207, 179, 160, 145, 140, 169, 227, 255, 254, 250, 255, 247, 255, 247, 255, 79, 4
1, 1, 1, 1, 1, 1, 1, 1, 7, 0, 9, 0, 10, 13, 0, 23, 6, 0, 30, 126, 215, 254, 255, 255, 255, 255, 255, 255, 255, 255, 255, 255, 255, 245, 255, 250, 250, 255, 255, 250, 254, 255, 252, 250, 255, 233, 149, 62, 6, 7, 4, 0, 1, 5, 3, 0, 0, 0, 4, 3, 0, 0, 0, 3, 1, 1, 1, 1, 1, 1, 1, 1, 1, 1, 1, 1, 1, 1, 1, 1, 1, 1, 1, 1, 1, 1, 1, 1, 1, 1, 1, 1, 1, 1, 1, 1, 1, 1, 1, 1, 1, 1, 1, 1, 1, 1, 1, 1, 1, 1, 1, 1, 1, 1, 1, 1, 1, 1, 1, 1, 1, 1, 1, 1, 1, 1, 1, 1, 1, 1, 1, 1, 1, 1, 1, 1, 1, 99, 255, 241, 243, 255, 255, 255, 255, 238, 255, 247, 110, 10, 0, 0, 0, 0, 23, 137, 235, 255, 254, 252, 254, 255, 247, 255, 134, 0
1, 1, 1, 1, 1, 1, 1, 1, 1, 1, 1, 1, 1, 1, 1, 1, 1, 0, 0, 0, 17, 82, 171, 236, 249, 255, 255, 255, 250, 241, 245, 255, 255, 255, 250, 254, 255, 255, 255, 249, 250, 235, 204, 151, 75, 10, 0, 0, 1, 1, 1, 1, 1, 1, 1, 1, 1, 1, 1, 1, 1, 1, 1, 1, 1, 1, 1, 1, 1, 1, 1, 1, 1, 1, 1, 1, 1, 1, 1, 1, 1, 1, 1, 1, 1, 1, 1, 1, 0, 6, 0, 0, 2, 0, 0, 0, 0, 11, 2, 0, 6, 3, 0, 0, 3, 0, 0, 11, 10, 0, 0, 7, 0, 0, 0, 0, 0, 0, 8, 0, 1, 1, 1, 1, 1, 1, 1, 1, 0, 17, 0, 7, 0, 5, 3, 0, 32, 223, 255, 243, 255, 254, 255, 253, 249, 247, 255, 119, 0, 0, 0, 0, 7, 0, 4, 1, 234, 245, 255, 250, 255, 255, 255, 233, 195, 0
1, 1, 1, 1, 1, 1, 1, 1, 1, 1, 1, 1, 1, 1, 1, 1, 3, 7, 8, 0, 0, 0, 8, 22, 49, 99, 176, 242, 255, 255, 255, 255, 246, 250, 255, 255, 252, 239, 221, 211, 117, 52, 0, 0, 0, 13, 10, 3, 1, 1, 1, 1, 1, 1, 1, 1, 1, 1, 1, 1, 1, 1, 1, 1, 1, 1, 1, 1, 1, 1, 1, 1, 1, 1, 1, 1, 1, 1, 1, 1, 1, 1, 1, 1, 1, 1, 1, 1, 3, 12, 0, 0, 0, 1, 3, 8, 0, 1, 0, 0, 2, 8, 1, 0, 0, 24, 11, 0, 0, 4, 16, 0, 0, 4, 5, 7, 0, 0, 0, 0, 1, 1, 1, 1, 1, 1, 1, 1, 0, 0, 18, 0, 3, 0, 4, 0, 107, 248, 255, 248, 255, 253, 255, 250, 255, 255, 245, 7, 2, 0, 17, 0, 0, 24, 0, 7, 225, 247, 249, 255, 248, 255, 255, 255, 161, 1
1, 1, 1, 1, 1, 1, 1, 1, 1, 1, 1, 1, 1, 1, 1, 1, 0, 0, 4, 5, 2, 0, 0, 0, 0, 0, 12, 29, 47, 72, 105, 134, 161, 163, 156, 131, 90, 46, 12, 0, 0, 0, 0, 1, 0, 0, 0, 0, 1, 1, 1, 1, 1, 1, 1, 1, 1, 1, 1, 1, 1, 1, 1, 1, 1, 1, 1, 1, 1, 1, 1, 1, 1, 1, 1, 1, 1, 1, 1, 1, 1, 1, 1, 1, 1, 1, 1, 1, 0, 5, 2, 0, 5, 0, 0, 0, 5, 4, 10, 9, 2, 3, 0, 0, 0, 0, 0, 13, 17, 0, 3, 0, 0, 1, 0, 0, 2, 0, 0, 6, 1, 1, 1, 1, 1, 1, 1, 1, 0, 1, 0, 0, 8, 0, 15, 2, 195, 255, 255, 252, 255, 250, 255, 253, 255, 240, 206, 31, 0, 0, 9, 0, 6, 0, 16, 5, 227, 255, 250, 255, 255, 255, 255, 255, 110, 1
1, 1, 1, 1, 1, 1, 1, 1, 1, 1, 1, 1, 1, 1, 1, 1, 2, 0, 0, 0, 1, 6, 12, 15, 0, 0, 4, 6, 2, 0, 0, 8, 0, 0, 6, 6, 0, 0, 0, 0, 1, 3, 9, 14, 8, 0, 0, 7, 1, 1, 1, 1, 1, 1, 1, 1, 1, 1, 1, 1, 1, 1, 1, 1, 1, 1, 1, 1, 1, 1, 1, 1, 1, 1, 1, 1, 1, 1, 1, 1, 1, 1, 1, 1, 1, 1, 1, 1, 0, 0, 0, 0, 1, 2, 0, 15, 6, 0, 0, 45, 99, 151, 162, 130, 145, 129, 65, 13, 0, 0, 6, 0, 1, 3, 0, 0, 0, 12, 0, 1, 1, 1, 1, 1, 1, 1, 1, 1, 6, 0, 0, 6, 0, 1, 0, 88, 245, 255, 249, 254, 255, 249, 255, 255, 253, 255, 141, 5, 0, 4, 0, 20, 3, 0, 3, 187, 250, 253, 253, 255, 255, 255, 248, 249, 115, 0
1, 1, 1, 1, 1, 1, 1, 1, 1, 1, 1, 1, 1, 1, 1, 1, 1, 3, 3, 1, 0, 0, 0, 0, 0, 0, 0, 0, 0, 0, 0, 3, 2, 1, 0, 0, 0, 2, 7, 11, 7, 0, 0, 0, 0, 1, 1, 1, 1, 1, 1, 1, 1, 1, 1, 1, 1, 1, 1, 1, 1, 1, 1, 1, 1, 1, 1, 1, 1, 1, 1, 1, 1, 1, 1, 1, 1, 1, 1, 1, 1, 1, 1, 1, 1, 1, 1, 1, 3, 0, 10, 6, 7, 0, 0, 4, 0, 70, 188, 255, 255, 252, 255, 247, 255, 252, 250, 255, 195, 76, 13, 0, 0, 3, 14, 0, 0, 14, 0, 0, 1, 1, 1, 1, 1, 1, 1, 1, 19, 0, 14, 0, 0, 15, 0, 208, 255, 253, 246, 255, 255, 249, 255, 255, 255, 250, 113, 0, 0, 17, 6, 0, 6, 41, 203, 248, 255, 255, 253, 255, 248, 253, 255, 255, 190, 11
1, 1, 1, 1, 1, 1, 1, 1, 1, 1, 1, 1, 1, 1, 1, 1, 0, 0, 3, 5, 3, 1, 3, 5, 2, 1, 4, 9, 7, 0, 0, 0, 7, 2, 0, 0, 0, 0, 0, 0, 0, 3, 12, 12, 3, 0, 0, 0, 1, 1, 1, 1, 1, 1, 1, 1, 1, 1, 1, 1, 1, 1, 1, 1, 1, 1, 1, 1, 1, 1, 1, 1, 1, 1, 1, 1, 1, 1, 1, 1, 1, 1, 1, 1, 1, 1, 1, 1, 6, 0, 0, 0, 0, 10, 15, 72, 221, 232, 254, 255, 255, 255, 255, 246, 254, 255, 239, 237, 255, 255, 161, 22, 0, 0, 13, 2, 0, 5, 0, 2, 1, 1, 1, 1, 1, 1, 1, 1, 0, 3, 4, 0, 6, 0, 95, 255, 255, 253, 253, 255, 255, 253, 253, 255, 254, 254, 75, 12, 0, 9, 0, 19, 96, 250, 254, 255, 234, 255, 255, 250, 248, 250, 255, 255, 254, 44
1, 1, 1, 1, 1, 1, 1, 1, 1, 1, 1, 1, 1, 1, 1, 1, 1, 0, 0, 0, 0, 0, 0, 0, 9, 0, 0, 0, 0, 0, 0, 7, 0, 0, 0, 1, 4, 5, 2, 0, 7, 0, 0, 0, 1, 11, 10, 2, 1, 1, 1, 1, 1, 1, 1, 1, 1, 1, 1, 1, 1, 1, 1, 1, 1, 1, 1, 1, 1, 1, 1, 1, 1, 1, 1, 1, 1, 1, 1, 1, 1, 1, 1, 1, 1, 1, 1, 1, 2, 0, 19, 31, 67, 118, 157, 247, 250, 255, 255, 246, 246, 249, 254, 255, 247, 255, 255, 255, 255, 248, 245, 223, 80, 0, 0, 3, 0, 2, 0, 9, 1, 1, 1, 1, 1, 1, 1, 1, 0, 14, 0, 5, 6, 20, 219, 250, 252, 255, 255, 250, 255, 255, 250, 255, 248, 255, 7, 0, 5, 14, 14, 203, 255, 255, 255, 246, 255, 243, 225, 255, 255, 250, 255, 250, 252, 45
1, 1, 1, 1, 1, 1, 1, 1, 1, 1, 1, 1, 1, 1, 1, 1, 2, 0, 0, 0, 3, 3, 1, 0, 1, 0, 1, 8, 9, 3, 0, 0, 3, 2, 2, 1, 0, 0, 0, 0, 0, 2, 4, 3, 2, 0, 0, 0, 1, 1, 1, 1, 1, 1, 1, 1, 1, 1, 1, 1, 1, 1, 1, 1, 1, 1, 1, 1, 1, 1, 1, 1, 1, 1, 1, 1, 1, 1, 1, 1, 1, 1, 1, 1, 1, 1, 1, 1, 0, 34, 153, 223, 255, 255, 230, 255, 250, 255, 255, 249, 255, 255, 248, 255, 255, 255, 241, 248, 255, 255, 255, 250, 201, 24, 0, 6, 0, 8, 0, 3, 1, 1, 1, 1, 1, 1, 1, 1, 13, 0, 12, 7, 0, 161, 255, 253, 248, 255, 255, 241, 255, 255, 249, 255, 252, 115, 6, 11, 0, 51, 231, 254, 250, 255, 252, 255, 243, 255, 255, 242, 255, 250, 255, 255, 223, 17
1, 1, 1, 1, 1, 1, 1, 1, 1, 1, 1, 1, 1, 1, 1, 1, 1, 1, 1, 1, 1, 1, 1, 1, 1, 1, 1, 1, 1, 1, 1, 1, 1, 1, 1, 1, 1, 1, 1, 1, 1, 1, 1, 1, 1, 1, 1, 1, 0, 11, 0, 0, 11, 10, 0, 0, 0, 18, 5, 0, 0, 2, 13, 0, 4, 0, 0, 6, 0, 0, 1, 3, 1, 1, 1, 1, 1, 1, 1, 1, 7, 0, 14, 0, 0, 9, 7, 0, 52, 198, 255, 247, 255, 255, 243, 255, 255, 255, 255, 255, 255, 255, 255, 255, 255, 255, 255, 255, 255, 255, 255, 255, 250, 164, 0, 9, 4, 0, 0, 0, 1, 1, 1, 1, 1, 1, 1, 1, 5, 3, 0, 3, 73, 255, 253, 255, 255, 255, 255, 255, 255, 255, 255, 255, 250, 86, 0, 0, 104, 246, 245, 255, 255, 255, 255, 255, 255, 255, 255, 255, 249, 255, 255, 249, 229, 13
1, 1, 1, 1, 1, 1, 1, 1, 1, 1, 1, 1, 1, 1, 1, 1, 1, 1, 1, 1, 1, 1, 1, 1, 1, 1, 1, 1, 1, 1, 1, 1, 1, 1, 1, 1, 1, 1, 1, 1, 1, 1, 1, 1, 1, 1, 1, 1, 4, 4, 0, 0, 0, 0, 0, 8, 0, 0, 0, 15, 14, 0, 1, 9, 7, 7, 0, 0, 0, 8, 6, 0, 1, 1, 1, 1, 1, 1, 1, 1, 0, 2, 9, 0, 7, 0, 0, 45, 193, 255, 255, 243, 255, 255, 247, 255, 255, 255, 255, 255, 255, 255, 255, 255, 255, 255, 255, 255, 255, 255, 255, 255, 255, 226, 69, 0, 0, 0, 8, 0, 1, 1, 1, 1, 1, 1, 1, 1, 0, 8, 1, 18, 219, 252, 252, 255, 255, 255, 255, 255, 255, 255, 255, 255, 255, 117, 15, 131, 253, 255, 255, 249, 255, 255, 255, 255, 255, 255, 255, 255, 250, 255, 255, 250, 177, 1
1, 1, 1, 1, 1, 1, 1, 1, 1, 1, 1, 1, 1, 1, 1, 1, 1, 1, 1, 1, 1, 1, 1, 1, 1, 1, 1, 1, 1, 1, 1, 1, 1, 1, 1, 1, 1, 1, 1, 1, 1, 1, 1, 1, 1, 1, 1, 1, 0, 0, 12, 6, 0, 6, 10, 0, 14, 10, 0, 0, 0, 0, 5, 0, 0, 2, 5, 2, 4, 0, 0, 1, 1, 1, 1, 1, 1, 1, 1, 1, 9, 8, 0, 16, 1, 0, 39, 197, 255, 255, 255, 254, 255, 255, 249, 252, 255, 255, 255, 255, 255, 255, 255, 255, 255, 255, 255, 255, 255, 255, 255, 255, 255, 255, 179, 7, 1, 0, 7, 3, 1, 1, 1, 1, 1, 1, 1, 1, 0, 3, 0, 146, 255, 255, 253, 249, 255, 255, 255, 255, 255, 255, 255, 255, 250, 232, 181, 254, 255, 221, 255, 249, 255, 255, 255, 255, 255, 255, 255, 255, 252, 255, 253, 253, 133, 0
1, 1, 1, 1, 1, 1, 1, 1, 1, 1, 1, 1, 1, 1, 1, 1, 1, 1, 1, 1, 1, 1, 1, 1, 1, 1, 1, 1, 1, 1, 1, 1, 1, 1, 1, 1, 1, 1, 1, 1, 1, 1, 1, 1, 1, 1, 1, 1, 9, 0, 0, 2, 0, 0, 0, 46, 31, 34, 9, 0, 0, 0, 15, 6, 1, 0, 0, 6, 10, 0, 0, 10, 1, 1, 1, 1, 1, 1, 1, 1, 10, 0, 5, 0, 0, 32, 177, 255, 250, 247, 254, 255, 255, 254, 253, 253, 255, 255, 255, 255, 255, 255, 255, 255, 255, 255, 255, 255, 255, 255, 255, 255, 255, 255, 243, 59, 13, 0, 0, 7, 1, 1, 1, 1, 1, 1, 1, 1, 1, 8, 40, 255, 245, 255, 243, 255, 255, 255, 255, 255, 255, 255, 255, 255, 255, 255, 255, 243, 243, 255, 255, 254, 255, 255, 255, 255, 255, 255, 255, 255, 253, 255, 250, 252, 140, 0
1, 1, 1, 1, 1, 1, 1, 1, 1, 1, 1, 1, 1, 1, 1, 1, 1, 1, 1, 1, 1, 1, 1, 1, 1, 1, 1, 1, 1, 1, 1, 1, 1, 1, 1, 1, 1, 1, 1, 1, 1, 1, 1, 1, 1, 1, 1, 1, 0, 17, 0, 0, 39, 121, 195, 255, 255, 240, 188, 150, 78, 0, 0, 0, 16, 2, 0, 0, 3, 2, 0, 3, 1, 1, 1, 1, 1, 1, 1, 1, 0, 26, 0, 15, 7, 193, 246, 255, 254, 253, 255, 255, 241, 247, 255, 255, 255, 255, 255, 255, 255, 255, 255, 255, 255, 255, 255, 255, 255, 255, 255, 255, 253, 245, 255, 96, 4, 0, 0, 3, 1, 1, 1, 1, 1, 1, 1, 1, 0, 10, 126, 253, 255, 250, 243, 255, 255, 255, 255, 255, 255, 255, 255, 255, 255, 232, 255, 241, 254, 255, 246, 255, 255, 255, 255, 255, 255, 255, 255, 255, 255, 255, 252, 248, 173, 0
1, 1, 1, 1, 1, 1, 1, 1, 1, 1, 1, 1, 1, 1, 1, 1, 1, 1, 1, 1, 1, 1, 1, 1, 1, 1, 1, 1, 1, 1, 1, 1, 1, 1, 1, 1, 1, 1, 1, 1, 1, 1, 1, 1, 1, 1, 1, 1, 0, 13, 0, 17, 131, 234, 255, 250, 246, 255, 255, 255, 240, 145, 58, 0, 0, 0, 8, 5, 0, 5, 12, 0, 1, 1, 1, 1, 1, 1, 1, 1, 7, 2, 5, 1, 193, 233, 255, 250, 255, 255, 255, 254, 248, 255, 255, 248, 255, 255, 255, 255, 255, 255, 255, 255, 255, 255, 255, 255, 255, 255, 255, 255, 254, 254, 255, 83, 0, 12, 7, 0, 1, 1, 1, 1, 1, 1, 1, 1, 0, 0, 186, 250, 255, 255, 255, 248, 255, 255, 255, 255, 255, 255, 255, 255, 250, 255, 255, 255, 248, 241, 246, 255, 255, 255, 255, 255, 255, 255, 255, 255, 255, 255, 253, 249, 179, 0
1, 1, 1, 1, 1, 1, 1, 1, 1, 1, 1, 1, 1, 1, 1, 1, 1, 1, 1, 1, 1, 1, 1, 1, 1, 1, 1, 1, 1, 1, 1, 1, 1, 1, 1, 1, 1, 1, 1, 1, 1, 1, 1, 1, 1, 1, 1, 1, 11, 0, 36, 190, 255, 255, 253, 255, 252, 255, 243, 243, 255, 255, 227, 157, 32, 0, 9, 21, 0, 0, 11, 0, 1, 1, 1, 1, 1, 1, 1, 1, 11, 0, 0, 92, 255, 238, 250, 255, 249, 253, 255, 255, 255, 255, 255, 247, 255, 255, 255, 255, 255, 255, 255, 255, 255, 255, 255, 255, 255, 255, 255, 255, 252, 255, 234, 43, 0, 12, 0, 0, 1, 1, 1, 1, 1, 1, 1, 1, 0, 24, 224, 255, 230, 255, 255, 236, 255, 255, 255, 255, 255, 255, 255, 255, 250, 255, 245, 247, 250, 255, 255, 255, 255, 255, 255, 255, 255, 255, 255, 255, 255, 255, 253, 255, 143, 0
1, 1, 1, 1, 1, 1, 1, 1, 1, 1, 1, 1, 1, 1, 1, 1, 1, 1, 1, 1, 1, 1, 1, 1, 1, 1, 1, 1, 1, 1, 1, 1, 1, 1, 1, 1, 1, 1, 1, 1, 1, 1, 1, 1, 1, 1, 1, 1, 0, 23, 163, 255, 243, 242, 255, 247, 255, 255, 250, 255, 255, 249, 255, 248, 197, 40, 0, 6, 0, 0, 7, 0, 1, 1, 1, 1, 1, 1, 1, 1, 0, 3, 35, 218, 243, 255, 247, 252, 255, 255, 254, 253, 253, 246, 249, 255, 255, 255, 255, 255, 255, 255, 255, 255, 255, 255, 255, 255, 255, 255, 255, 255, 247, 255, 209, 16, 14, 1, 0, 9, 1, 1, 1, 1, 1, 1, 1, 1, 0, 105, 255, 247, 255, 248, 245, 255, 255, 255, 255, 255, 255, 255, 255, 255, 255, 249, 253, 255, 255, 246, 243, 255, 255, 255, 255, 255, 255, 255, 255, 255, 254, 255, 250, 255, 104, 3
1, 1, 1, 1, 1, 1, 1, 1, 1, 1, 1, 1, 1, 1, 1, 1, 1, 1, 1, 1, 1, 1, 1, 1, 1, 1, 1, 1, 1, 1, 1, 1, 1, 1, 1, 1, 1, 1, 1, 1, 5, 0, 6, 1, 7, 11, 0, 11, 0, 143, 248, 255, 255, 255, 252, 255, 255, 255, 255, 255, 255, 255, 255, 255, 255, 207, 0, 1, 0, 13, 0, 7, 0, 0, 0, 1, 3, 5, 3, 0, 2, 0, 101, 255, 239, 255, 255, 245, 255, 255, 255, 255, 255, 255, 255, 255, 255, 255, 255, 255, 255, 255, 255, 255, 255, 253, 253, 254, 252, 255, 255, 253, 247, 255, 64, 2, 3, 0, 7, 2, 0, 0, 4, 0, 0, 7, 19, 0, 23, 211, 255, 255, 255, 250, 255, 249, 255, 255, 255, 255, 255, 255, 255, 255, 246, 255, 252, 255, 255, 250, 255, 249, 255, 255, 179, 116, 189, 255, 250, 253, 252, 255, 255, 255, 70, 13
1, 1, 1, 1, 1, 1, 1, 1, 1, 1, 1, 1, 1, 1, 1, 1, 1, 1, 1, 1, 1, 1, 1, 1, 1, 1, 1, 1, 1, 1, 1, 1, 1, 1, 1, 1, 1, 1, 1, 1, 6, 16, 0, 5, 0, 0, 24, 0, 115, 218, 255, 254, 255, 255, 253, 255, 255, 255, 255, 255, 255, 255, 255, 255, 255, 236, 72, 6, 0, 5, 0, 0, 0, 2, 2, 0, 0, 0, 0, 0, 0, 42, 181, 255, 248, 255, 253, 255, 255, 255, 255, 255, 255, 255, 255, 255, 255, 255, 255, 255, 255, 255, 255, 255, 243, 255, 255, 250, 252, 255, 242, 255, 255, 168, 22, 0, 1, 2, 6, 0, 10, 6, 0, 12, 0, 3, 0, 24, 173, 255, 254, 243, 255, 248, 255, 250, 255, 255, 255, 255, 255, 255, 255, 255, 255, 255, 255, 240, 248, 255, 252, 255, 249, 204, 0, 24, 93, 242, 255, 255, 255, 252, 247, 255, 88, 0
1, 1, 1, 1, 1, 1, 1, 1, 1, 1, 1, 1, 1, 1, 1, 1, 1, 1, 1, 1, 1, 1, 1, 1, 1, 1, 1, 1, 1, 1, 1, 1, 1, 1, 1, 1, 1, 1, 1, 1, 0, 13, 0, 0, 10, 0, 0, 73, 230, 255, 255, 245, 252, 255, 249, 252, 255, 255, 255, 255, 255, 255, 255, 255, 255, 255, 160, 8, 3, 0, 4, 0, 1, 2, 2, 0, 0, 0, 0, 2, 3, 133, 255, 255, 255, 255, 246, 255, 255, 255, 255, 255, 255, 255, 255, 255, 255, 255, 255, 255, 255, 255, 255, 255, 254, 255, 255, 246, 255, 255, 236, 255, 224, 45, 0, 0, 0, 7, 1, 0, 9, 0, 0, 10, 3, 0, 10, 140, 255, 255, 242, 253, 255, 250, 255, 249, 255, 255, 255, 255, 255, 255, 255, 255, 255, 252, 255, 243, 250, 255, 237, 255, 215, 32, 0, 0, 195, 247, 255, 245, 255, 250, 250, 255, 109, 0
1, 1, 1, 1, 1, 1, 1, 1, 1, 1, 1, 1, 1, 1, 1, 1, 1, 1, 1, 1, 1, 1, 1, 1, 1, 1, 1, 1, 1, 1, 1, 1, 1, 1, 1, 1, 1, 1, 1, 1, 0, 0, 8, 0, 13, 0, 28, 214, 255, 255, 255, 243, 255, 255, 250, 250, 255, 255, 255, 255, 255, 255, 255, 255, 250, 255, 197, 5, 0, 0, 4, 0, 2, 0, 0, 2, 1, 0, 1, 4, 10, 215, 255, 243, 255, 255, 249, 255, 255, 255, 255, 255, 255, 255, 255, 255, 255, 255, 255, 255, 255, 255, 255, 255, 255, 253, 243, 255, 255, 252, 255, 255, 125, 0, 0, 6, 2, 0, 0, 0, 1, 0, 10, 0, 6, 0, 120, 254, 254, 249, 240, 255, 255, 246, 255, 255, 255, 255, 255, 255, 255, 255, 255, 255, 255, 242, 255, 255, 253, 255, 253, 239, 107, 0, 0, 110, 255, 247, 255, 250, 252, 255, 250, 254, 94, 0
1, 1, 1, 1, 1, 1, 1, 1, 1, 1, 1, 1, 1, 1, 1, 1, 1, 1, 1, 1, 1, 1, 1, 1, 1, 1, 1, 1, 1, 1, 1, 1, 1, 1, 1, 1, 1, 1, 1, 1, 7, 0, 0, 18, 0, 0, 169, 255, 253, 255, 253, 254, 255, 255, 255, 255, 255, 255, 255, 255, 255, 255, 255, 255, 250, 254, 189, 4, 0, 6, 0, 1, 5, 0, 0, 2, 5, 1, 0, 0, 10, 255, 253, 249, 254, 255, 255, 254, 255, 255, 255, 255, 255, 255, 255, 255, 255, 255, 255, 255, 255, 255, 255, 255, 246, 255, 250, 255, 247, 245, 255, 198, 31, 0, 8, 2, 4, 0, 0, 0, 4, 3, 11, 0, 0, 52, 219, 255, 255, 250, 249, 255, 250, 243, 255, 255, 255, 255, 255, 255, 255, 255, 255, 255, 255, 250, 243, 255, 243, 255, 255, 136, 0, 11, 65, 223, 249, 255, 249, 255, 255, 255, 243, 255, 73, 0
1, 1, 1, 1, 1, 1, 1, 1, 1, 1, 1, 1, 1, 1, 1, 1, 1, 1, 1, 1, 1, 1, 1, 1, 1, 1, 1, 1, 1, 1, 1, 1, 1, 1, 1, 1, 1, 1, 1, 1, 0, 10, 4, 0, 0, 117, 243, 255, 255, 255, 255, 255, 255, 250, 253, 255, 255, 255, 255, 255, 255, 255, 255, 255, 255, 255, 178, 6, 0, 6, 0, 0, 6, 0, 0, 0, 2, 0, 0, 0, 46, 255, 245, 255, 253, 250, 255, 255, 255, 255, 255, 255, 255, 255, 255, 255, 255, 255, 255, 255, 255, 255, 255, 255, 243, 255, 247, 255, 254, 255, 236, 76, 0, 10, 1, 0, 4, 0, 2, 0, 1, 7, 0, 10, 0, 157, 255, 250, 255, 253, 254, 255, 253, 255, 255, 245, 255, 255, 255, 255, 255, 255, 255, 255, 253, 255, 245, 255, 243, 255, 235, 5, 0, 73, 231, 250, 255, 255, 243, 250, 255, 252, 250, 255, 83, 7
1, 1, 1, 1, 1, 1, 1, 1, 1, 1, 1, 1, 1, 1, 1, 1, 1, 1, 1, 1, 1, 1, 1, 1, 1, 1, 1, 1, 1, 1, 1, 1, 1, 1, 1, 1, 1, 1, 1, 1, 0, 0, 12, 7, 127, 246, 237, 255, 255, 255, 255, 255, 249, 249, 254, 252, 255, 255, 255, 255, 255, 255, 255, 255, 255, 255, 182, 5, 3, 0, 4, 0, 3, 0, 0, 1, 0, 0, 0, 16, 156, 255, 252, 255, 255, 253, 254, 255, 255, 255, 255, 255, 255, 255, 255, 255, 255, 255, 255, 255, 255, 255, 255, 255, 255, 254, 243, 243, 255, 241, 118, 0, 0, 11, 0, 0, 1, 9, 0, 3, 0, 0, 0, 11, 26, 242, 255, 248, 249, 248, 255, 255, 255, 255, 250, 245, 255, 255, 255, 255, 255, 255, 255, 255, 246, 255, 250, 255, 255, 255, 214, 49, 141, 237, 249, 255, 247, 247, 255, 255, 254, 247, 255, 229, 52, 13
1, 1, 1, 1, 1, 1, 1, 1, 1, 1, 1, 1, 1, 1, 1, 1, 1, 1, 1, 1, 1, 1, 1, 1, 1, 1, 1, 1, 1, 1, 1, 1, 1, 1, 1, 1, 1, 1, 1, 1, 8, 0, 0, 127, 253, 255, 255, 249, 255, 250, 255, 255, 253, 255, 255, 253, 255, 255, 255, 255, 255, 255, 255, 255, 250, 255, 191, 0, 8, 0, 14, 0, 0, 0, 1, 4, 0, 0, 14, 42, 255, 255, 255, 249, 255, 255, 250, 255, 255, 255, 255, 255, 255, 255, 255, 255, 255, 255, 255, 255, 255, 255, 255, 255, 255, 245, 255, 255, 255, 170, 1, 0, 0, 0, 1, 8, 0, 10, 0, 10, 9, 0, 20, 2, 62, 255, 241, 255, 255, 255, 255, 250, 250, 250, 248, 255, 255, 255, 255, 255, 255, 255, 255, 255, 255, 255, 243, 254, 255, 252, 243, 230, 254, 252, 255, 254, 255, 255, 241, 255, 255, 255, 255, 128, 0, 0
1, 1, 1, 1, 1, 1, 1, 1, 1, 1, 1, 1, 1, 1, 1, 1, 1, 1, 1, 1, 1, 1, 1, 1, 1, 1, 1, 1, 1, 1, 1, 1, 8, 0, 0, 7, 0, 16, 0, 0, 11, 0, 105, 253, 255, 243, 255, 249, 255, 255, 255, 255, 255, 255, 255, 255, 255, 255, 254, 254, 252, 250, 252, 255, 254, 255, 187, 4, 7, 1, 0, 4, 5, 4, 0, 2, 2, 0, 0, 195, 255, 255, 255, 255, 255, 255, 255, 255, 255, 255, 255, 255, 255, 255, 255, 255, 255, 254, 255, 255, 250, 250, 255, 255, 255, 250, 255, 254, 243, 17, 14, 0, 1, 1, 1, 1, 1, 1, 1, 1, 0, 0, 0, 7, 211, 248, 255, 250, 255, 255, 255, 255, 255, 255, 255, 255, 255, 255, 255, 255, 255, 255, 255, 255, 255, 255, 255, 255, 255, 255, 255, 255, 255, 255, 255, 255, 253, 250, 254, 255, 255, 249, 255, 41, 0, 0
1, 1, 1, 1, 1, 1, 1, 1, 1, 1, 1, 1, 1, 1, 1, 1, 1, 1, 1, 1, 1, 1, 1, 1, 1, 1, 1, 1, 1, 1, 1, 1, 0, 29, 0, 11, 0, 0, 11, 0, 1, 145, 243, 255, 255, 255, 250, 255, 255, 255, 255, 255, 255, 255, 255, 255, 255, 253, 253, 255, 255, 255, 255, 255, 255, 242, 204, 0, 0, 0, 11, 0, 1, 1, 0, 0, 0, 8, 86, 241, 255, 255, 255, 255, 255, 255, 255, 255, 255, 255, 255, 255, 255, 255, 255, 255, 253, 253, 254, 255, 255, 255, 255, 243, 255, 243, 255, 255, 102, 26, 0, 3, 1, 1, 1, 1, 1, 1, 1, 1, 4, 0, 13, 29, 250, 255, 250, 254, 255, 255, 255, 255, 255, 255, 255, 255, 255, 255, 255, 255, 255, 255, 255, 255, 255, 255, 255, 255, 255, 255, 255, 255, 248, 255, 255, 254, 252, 255, 255, 255, 239, 255, 119, 0, 12, 13
1, 1, 1, 1, 1, 1, 1, 1, 1, 1, 1, 1, 1, 1, 1, 1, 1, 1, 1, 1, 1, 1, 1, 1, 1, 1, 1, 1, 1, 1, 1, 1, 1, 8, 0, 0, 1, 1, 0, 22, 121, 255, 255, 242, 255, 255, 238, 255, 255, 255, 255, 255, 255, 255, 255, 255, 254, 253, 252, 255, 255, 255, 255, 253, 255, 255, 157, 0, 2, 0, 16, 0, 2, 5, 0, 4, 0, 19, 186, 255, 255, 255, 255, 255, 255, 255, 255, 255, 255, 255, 255, 255, 255, 255, 255, 255, 243, 255, 255, 250, 253, 255, 255, 255, 246, 255, 236, 185, 0, 14, 0, 3, 1, 1, 1, 1, 1, 1, 1, 1, 3, 0, 0, 95, 255, 255, 254, 255, 255, 255, 255, 255, 255, 255, 255, 255, 255, 255, 255, 255, 255, 255, 255, 255, 255, 255, 255, 255, 255, 255, 255, 255, 255, 254, 254, 255, 255, 255, 255, 250, 255, 158, 5, 0, 10, 4
1, 1, 1, 1, 1, 1, 1, 1, 1, 1, 1, 1, 1, 1, 1, 1, 1, 1, 1, 1, 1, 1, 1, 1, 1, 1, 1, 1, 1, 1, 1, 1, 22, 0, 0, 6, 0, 1, 30, 145, 255, 254, 242, 243, 255, 255, 253, 255, 255, 255, 255, 255, 255, 255, 255, 255, 252, 255, 255, 253, 253, 255, 254, 250, 250, 255, 53, 1, 10, 0, 3, 0, 1, 6, 3, 9, 0, 16, 239, 250, 255, 255, 255, 255, 255, 255, 255, 255, 255, 255, 255, 255, 255, 255, 255, 255, 250, 255, 255, 248, 253, 252, 250, 255, 252, 255, 190, 31, 10, 0, 26, 0, 1, 1, 1, 1, 1, 1, 1, 1, 0, 10, 0, 186, 249, 245, 255, 253, 255, 255, 255, 255, 255, 255, 255, 255, 255, 255, 255, 255, 255, 255, 255, 255, 255, 255, 255, 255, 255, 255, 255, 255, 255, 254, 253, 255, 255, 252, 255, 255, 214, 8, 6, 9, 0, 0
1, 1, 1, 1, 1, 1, 1, 1, 1, 1, 1, 1, 1, 1, 1, 1, 1, 1, 1, 1, 1, 1, 1, 1, 1, 1, 1, 1, 1, 1, 1, 1, 0, 0, 0, 10, 0, 24, 180, 255, 255, 246, 255, 255, 250, 255, 255, 243, 255, 255, 255, 255, 255, 255, 255, 255, 250, 255, 255, 253, 250, 254, 255, 255, 252, 158, 0, 4, 4, 0, 0, 2, 0, 0, 0, 3, 0, 17, 252, 241, 255, 255, 255, 255, 255, 255, 255, 255, 255, 255, 255, 255, 255, 255, 255, 255, 255, 254, 249, 255, 255, 255, 245, 242, 255, 211, 45, 15, 0, 15, 0, 0, 1, 1, 1, 1, 1, 1, 1, 1, 0, 0, 56, 246, 235, 250, 255, 252, 255, 255, 255, 255, 255, 255, 255, 255, 255, 255, 255, 255, 255, 255, 255, 255, 255, 255, 255, 255, 255, 255, 255, 255, 245, 255, 255, 248, 248, 255, 248, 223, 62, 0, 21, 0, 7, 1
1, 1, 1, 1, 1, 1, 1, 1, 1, 1, 1, 1, 1, 1, 1, 1, 1, 1, 1, 1, 1, 1, 1, 1, 1, 1, 1, 1, 1, 1, 1, 1, 0, 10, 5, 0, 30, 152, 255, 255, 245, 255, 255, 255, 255, 252, 252, 255, 255, 255, 255, 255, 255, 255, 255, 255, 248, 255, 255, 254, 253, 255, 255, 255, 219, 18, 5, 0, 0, 4, 4, 0, 1, 0, 0, 0, 3, 29, 238, 255, 255, 255, 255, 255, 255, 255, 255, 255, 255, 255, 255, 255, 255, 255, 255, 255, 254, 249, 255, 255, 249, 253, 255, 255, 239, 51, 5, 0, 4, 8, 0, 0, 1, 1, 1, 1, 1, 1, 1, 1, 0, 0, 184, 255, 248, 255, 248, 255, 255, 255, 255, 255, 255, 255, 255, 255, 255, 255, 255, 255, 255, 255, 255, 255, 255, 255, 255, 255, 255, 255, 255, 255, 243, 255, 255, 250, 255, 255, 177, 65, 0, 7, 0, 0, 12, 0
1, 1, 1, 1, 1, 1, 1, 1, 1, 1, 1, 1, 1, 1, 1, 1, 1, 1, 1, 1, 1, 1, 1, 1, 1, 1, 1, 1, 1, 1, 1, 1, 12, 0, 8, 0, 140, 255, 250, 241, 255, 254, 245, 250, 255, 248, 243, 255, 255, 255, 255, 255, 255, 255, 255, 255, 252, 255, 255, 254, 255, 255, 255, 238, 107, 0, 12, 0, 0, 1, 8, 0, 2, 4, 3, 0, 10, 23, 180, 255, 255, 255, 255, 255, 255, 255, 255, 255, 255, 255, 255, 255, 255, 255, 255, 255, 254, 249, 255, 255, 233, 254, 255, 215, 120, 0, 0, 0, 0, 8, 0, 4, 1, 1, 1, 1, 1, 1, 1, 1, 0, 60, 255, 252, 255, 255, 245, 255, 255, 255, 255, 255, 255, 255, 255, 255, 255, 255, 255, 255, 255, 255, 255, 255, 255, 255, 255, 255, 255, 255, 255, 255, 255, 254, 254, 255, 237, 167, 56, 0, 11, 0, 0, 24, 0, 0
1, 1, 1, 1, 1, 1, 1, 1, 1, 1, 1, 1, 1, 1, 1, 1, 1, 1, 1, 1, 1, 1, 1, 1, 1, 1, 1, 1, 1, 1, 1, 1, 0, 6, 0, 76, 255, 255, 243, 255, 252, 253, 255, 255, 246, 255, 255, 237, 255, 255, 255, 255, 255, 255, 255, 255, 255, 255, 254, 250, 255, 255, 241, 213, 0, 24, 0, 0, 9, 0, 2, 2, 0, 2, 6, 0, 3, 0, 109, 247, 255, 255, 255, 255, 255, 255, 255, 255, 255, 255, 255, 255, 255, 255, 255, 255, 255, 243, 253, 255, 250, 255, 218, 75, 0, 10, 6, 0, 6, 0, 0, 1, 1, 1, 1, 1, 1, 1, 1, 1, 0, 147, 253, 252, 255, 245, 254, 255, 255, 255, 255, 255, 255, 255, 255, 255, 255, 255, 255, 255, 255, 255, 255, 255, 255, 255, 255, 255, 255, 255, 255, 255, 255, 243, 255, 253, 154, 14, 0, 15, 1, 0, 20, 0, 0, 15
1, 1, 1, 1, 1, 1, 1, 1, 1, 1, 1, 1, 1, 1, 1, 1, 1, 1, 1, 1, 1, 1, 1, 1, 4, 0, 0, 7, 0, 0, 6, 4, 5, 7, 0, 180, 255, 255, 235, 255, 255, 255, 255, 255, 255, 255, 255, 255, 255, 255, 255, 255, 255, 255, 255, 255, 253, 254, 255, 245, 255, 255, 233, 62, 1, 1, 1, 1, 1, 1, 1, 1, 0, 2, 7, 0, 7, 0, 26, 173, 255, 255, 250, 253, 255, 247, 243, 255, 255, 255, 255, 255, 255, 255, 255, 252, 252, 255, 249, 243, 255, 173, 32, 0, 1, 1, 1, 1, 1, 1, 1, 1, 1, 1, 1, 1, 1, 1, 1, 1, 0, 195, 250, 247, 255, 255, 255, 252, 255, 255, 255, 255, 255, 255, 255, 255, 255, 250, 247, 255, 255, 255, 254, 249, 255, 255, 250, 255, 255, 243, 252, 255, 255, 227, 139, 30, 0, 0, 12, 3, 1, 1, 1, 1, 1, 1
1, 1, 1, 1, 1, 1, 1, 1, 1, 1, 1, 1, 1, 1, 1, 1, 1, 1, 1, 1, 1, 1, 1, 1, 8, 0, 0, 0, 0, 0, 0, 0, 8, 0, 112, 255, 234, 253, 254, 255, 255, 255, 255, 255, 255, 255, 255, 255, 255, 255, 255, 255, 255, 255, 255, 255, 255, 243, 246, 250, 255, 245, 65, 0, 1, 1, 1, 1, 1, 1, 1, 1, 3, 3, 0, 0, 8, 0, 0, 60, 225, 245, 255, 252, 250, 255, 255, 227, 248, 250, 253, 254, 253, 252, 252, 252, 248, 253, 255, 255, 177, 19, 0, 17, 1, 1, 1, 1, 1, 1, 1, 1, 1, 1, 1, 1, 1, 1, 1, 1, 0, 127, 243, 255, 237, 238, 255, 255, 255, 255, 255, 255, 255, 255, 255, 255, 252, 255, 255, 252, 247, 249, 252, 252, 252, 252, 255, 250, 254, 255, 253, 247, 162, 60, 0, 0, 24, 9, 0, 0, 1, 1, 1, 1, 1, 1
1, 1, 1, 1, 1, 1, 1, 1, 1, 1, 1, 1, 1, 1, 1, 1, 1, 1, 1, 1, 1, 1, 1, 1, 0, 0, 1, 0, 0, 1, 1, 0, 0, 115, 234, 255, 233, 255, 255, 255, 255, 255, 255, 255, 255, 255, 255, 255, 255, 255, 255, 255, 255, 255, 255, 255, 255, 247, 255, 255, 255, 62, 0, 0, 1, 1, 1, 1, 1, 1, 1, 1, 3, 1, 0, 0, 10, 13, 0, 0, 81, 209, 255, 255, 255, 254, 253, 255, 255, 255, 255, 255, 255, 255, 255, 255, 255, 250, 241, 126, 20, 8, 0, 0, 1, 1, 1, 1, 1, 1, 1, 1, 1, 1, 1, 1, 1, 1, 1, 1, 9, 11, 248, 255, 247, 250, 255, 245, 255, 255, 255, 255, 255, 255, 255, 255, 248, 255, 255, 253, 249, 255, 255, 255, 250, 255, 243, 250, 255, 249, 215, 123, 14, 0, 0, 3, 4, 0, 0, 15, 1, 1, 1, 1, 1, 1
1, 1, 1, 1, 1, 1, 1, 1, 1, 1, 1, 1, 1, 1, 1, 1, 1, 1, 1, 1, 1, 1, 1, 1, 0, 0, 2, 1, 5, 4, 0, 0, 56, 255, 255, 247, 255, 255, 253, 252, 255, 255, 255, 255, 255, 255, 255, 255, 255, 255, 255, 255, 255, 255, 255, 255, 253, 255, 249, 234, 126, 0, 5, 13, 1, 1, 1, 1, 1, 1, 1, 1, 0, 0, 6, 2, 1, 10, 7, 0, 0, 48, 159, 238, 249, 254, 255, 237, 249, 252, 255, 255, 255, 253, 250, 249, 253, 221, 58, 0, 18, 0, 0, 4, 1, 1, 1, 1, 1, 1, 1, 1, 1, 1, 1, 1, 1, 1, 1, 1, 2, 0, 121, 255, 240, 255, 252, 250, 255, 255, 255, 255, 255, 255, 255, 255, 255, 255, 253, 255, 255, 255, 255, 250, 255, 240, 255, 247, 246, 214, 71, 0, 0, 6, 12, 0, 0, 6, 9, 0, 1, 1, 1, 1, 1, 1
1, 1, 1, 1, 1, 1, 1, 1, 1, 1, 1, 1, 1, 1, 1, 1, 1, 1, 1, 1, 1, 1, 1, 1, 0, 6, 0, 0, 1, 0, 0, 7, 193, 255, 243, 255, 255, 243, 255, 254, 255, 255, 255, 255, 255, 255, 255, 255, 255, 255, 255, 255, 255, 255, 255, 255, 243, 255, 255, 104, 1, 14, 3, 0, 1, 1, 1, 1, 1, 1, 1, 1, 5, 0, 1, 6, 0, 0, 6, 5, 0, 7, 0, 45, 150, 193, 213, 255, 255, 255, 249, 248, 255, 255, 255, 255, 183, 3, 3, 20, 0, 2, 10, 0, 1, 1, 1, 1, 1, 1, 1, 1, 1, 1, 1, 1, 1, 1, 1, 1, 0, 16, 0, 214, 255, 227, 250, 255, 255, 255, 255, 255, 255, 255, 255, 255, 255, 252, 248, 255, 255, 249, 249, 255, 254, 255, 243, 255, 176, 8, 0, 5, 6, 0, 0, 0, 5, 6, 1, 0, 1, 1, 1, 1, 1, 1
1, 1, 1, 1, 1, 1, 1, 1, 1, 1, 1, 1, 1, 1, 1, 1, 1, 1, 1, 1, 1, 1, 1, 1, 2, 7, 0, 0, 2, 0, 10, 53, 255, 238, 255, 255, 242, 255, 255, 255, 255, 255, 255, 255, 255, 255, 255, 255, 255, 255, 255, 255, 255, 255, 255, 255, 255, 242, 169, 0, 2, 0, 0, 5, 1, 1, 1, 1, 1, 1, 1, 1, 7, 0, 0, 5, 1, 0, 4, 0, 0, 0, 6, 9, 0, 2, 29, 32, 70, 94, 131, 167, 179, 155, 109, 73, 8, 16, 0, 0, 9, 0, 11, 0, 1, 1, 1, 1, 1, 1, 1, 1, 1, 1, 1, 1, 1, 1, 1, 1, 8, 0, 2, 51, 243, 250, 255, 255, 255, 255, 255, 255, 255, 255, 255, 255, 255, 250, 253, 255, 252, 247, 255, 255, 255, 249, 217, 81, 0, 1, 0, 10, 0, 0, 0, 5, 0, 0, 0, 4, 1, 1, 1, 1, 1, 1
1, 1, 1, 1, 1, 1, 1, 1, 1, 1, 1, 1, 1, 1, 1, 1, 1, 1, 1, 1, 1, 1, 1, 1, 0, 4, 0, 0, 9, 0, 17, 83, 250, 255, 255, 247, 246, 255, 255, 252, 255, 255, 255, 255, 255, 255, 255, 255, 255, 255, 255, 255, 255, 255, 255, 255, 245, 157, 0, 0, 14, 0, 0, 0, 1, 1, 1, 1, 1, 1, 1, 1, 0, 2, 0, 4, 10, 0, 8, 0, 0, 18, 1, 0, 2, 2, 0, 7, 1, 0, 0, 0, 7, 10, 7, 2, 0, 0, 1, 1, 6, 5, 0, 14, 1, 1, 1, 1, 1, 1, 1, 1, 1, 1, 1, 1, 1, 1, 1, 1, 7, 0, 7, 0, 79, 249, 238, 255, 255, 255, 255, 255, 255, 255, 255, 255, 247, 255, 255, 252, 255, 255, 255, 238, 243, 116, 0, 0, 14, 0, 0, 0, 6, 3, 0, 0, 3, 11, 3, 0, 1, 1, 1, 1, 1, 1
1, 1, 1, 1, 1, 1, 1, 1, 1, 1, 1, 1, 1, 1, 1, 1, 1, 1, 1, 1, 1, 1, 1, 1, 0, 4, 0, 2, 10, 0, 0, 65, 255, 255, 238, 255, 255, 237, 255, 246, 255, 255, 255, 255, 255, 255, 255, 255, 255, 255, 255, 255, 255, 255, 255, 255, 125, 0, 5, 0, 0, 0, 9, 0, 1, 1, 1, 1, 1, 1, 1, 1, 0, 16, 0, 0, 2, 0, 5, 0, 0, 0, 0, 0, 0, 0, 0, 7, 7, 4, 0, 0, 0, 0, 0, 0, 5, 3, 5, 8, 0, 0, 9, 0, 1, 1, 1, 1, 1, 1, 1, 1, 1, 1, 1, 1, 1, 1, 1, 1, 0, 5, 1, 7, 0, 68, 218, 254, 255, 255, 255, 255, 255, 255, 255, 255, 255, 255, 255, 243, 255, 255, 221, 152, 17, 6, 6, 2, 1, 2, 0, 4, 4, 0, 0, 3, 0, 0, 0, 13, 1, 1, 1, 1, 1, 1
1, 1, 1, 1, 1, 1, 1, 1, 1, 1, 1, 1, 1, 1, 1, 1, 1, 1, 1, 1, 1, 1, 1, 1, 1, 1, 1, 1, 1, 1, 1, 1, 223, 249, 255, 255, 255, 255, 252, 255, 255, 255, 249, 247, 248, 250, 255, 255, 255, 252, 255, 249, 248, 255, 227, 146, 1, 1, 1, 1, 1, 1, 1, 1, 1, 1, 1, 1, 1, 1, 1, 1, 1, 1, 1, 1, 1, 1, 1, 1, 1, 1, 1, 1, 1, 1, 1, 1, 1, 1, 1, 1, 1, 1, 1, 1, 1, 1, 1, 1, 1, 1, 1, 1, 1, 1, 1, 1, 1, 1, 1, 1, 1, 1, 1, 1, 1, 1, 1, 1, 3, 0, 4, 5, 0, 0, 48, 113, 193, 254, 252, 255, 255, 254, 255, 240, 250, 255, 255, 227, 173, 110, 48, 3, 1, 1, 1, 1, 1, 1, 1, 1, 1, 1, 1, 1, 1, 1, 1, 1, 1, 1, 1, 1, 1, 1
1, 1, 1, 1, 1, 1, 1, 1, 1, 1, 1, 1, 1, 1, 1, 1, 1, 1, 1, 1, 1, 1, 1, 1, 1, 1, 1, 1, 1, 1, 1, 1, 113, 246, 255, 232, 255, 255, 243, 255, 248, 250, 255, 255, 255, 255, 255, 255, 242, 255, 254, 255, 255, 255, 123, 0, 1, 1, 1, 1, 1, 1, 1, 1, 1, 1, 1, 1, 1, 1, 1, 1, 1, 1, 1, 1, 1, 1, 1, 1, 1, 1, 1, 1, 1, 1, 1, 1, 1, 1, 1, 1, 1, 1, 1, 1, 1, 1, 1, 1, 1, 1, 1, 1, 1, 1, 1, 1, 1, 1, 1, 1, 1, 1, 1, 1, 1, 1, 1, 1, 2, 0, 0, 9, 7, 0, 0, 16, 6, 136, 221, 255, 235, 193, 211, 195, 121, 115, 85, 41, 11, 3, 3, 0, 1, 1, 1, 1, 1, 1, 1, 1, 1, 1, 1, 1, 1, 1, 1, 1, 1, 1, 1, 1, 1, 1
1, 1, 1, 1, 1, 1, 1, 1, 1, 1, 1, 1, 1, 1, 1, 1, 1, 1, 1, 1, 1, 1, 1, 1, 1, 1, 1, 1, 1, 1, 1, 1, 6, 146, 252, 255, 252, 252, 255, 255, 255, 255, 255, 255, 250, 250, 249, 248, 255, 238, 255, 254, 227, 80, 10, 0, 1, 1, 1, 1, 1, 1, 1, 1, 1, 1, 1, 1, 1, 1, 1, 1, 1, 1, 1, 1, 1, 1, 1, 1, 1, 1, 1, 1, 1, 1, 1, 1, 1, 1, 1, 1, 1, 1, 1, 1, 1, 1, 1, 1, 1, 1, 1, 1, 1, 1, 1, 1, 1, 1, 1, 1, 1, 1, 1, 1, 1, 1, 1, 1, 6, 0, 0, 0, 5, 1, 0, 0, 0, 24, 24, 41, 36, 14, 17, 0, 2, 10, 9, 0, 0, 0, 0, 0, 1, 1, 1, 1, 1, 1, 1, 1, 1, 1, 1, 1, 1, 1, 1, 1, 1, 1, 1, 1, 1, 1
1, 1, 1, 1, 1, 1, 1, 1, 1, 1, 1, 1, 1, 1, 1, 1, 1, 1, 1, 1, 1, 1, 1, 1, 1, 1, 1, 1, 1, 1, 1, 1, 0, 26, 141, 245, 255, 250, 249, 252, 255, 255, 255, 253, 253, 255, 255, 255, 249, 245, 255, 240, 34, 0, 6, 3, 1, 1, 1, 1, 1, 1, 1, 1, 1, 1, 1, 1, 1, 1, 1, 1, 1, 1, 1, 1, 1, 1, 1, 1, 1, 1, 1, 1, 1, 1, 1, 1, 1, 1, 1, 1, 1, 1, 1, 1, 1, 1, 1, 1, 1, 1, 1, 1, 1, 1, 1, 1, 1, 1, 1, 1, 1, 1, 1, 1, 1, 1, 1, 1, 1, 3, 1, 0, 0, 2, 9, 12, 3, 0, 0, 0, 0, 0, 12, 5, 0, 0, 4, 1, 0, 5, 7, 5, 1, 1, 1, 1, 1, 1, 1, 1, 1, 1, 1, 1, 1, 1, 1, 1, 1, 1, 1, 1, 1, 1
1, 1, 1, 1, 1, 1, 1, 1, 1, 1, 1, 1, 1, 1, 1, 1, 1, 1, 1, 1, 1, 1, 1, 1, 1, 1, 1, 1, 1, 1, 1, 1, 2, 0, 11, 115, 247, 255, 240, 250, 253, 255, 255, 255, 255, 255, 254, 246, 255, 255, 181, 22, 26, 0, 0, 0, 1, 1, 1, 1, 1, 1, 1, 1, 1, 1, 1, 1, 1, 1, 1, 1, 1, 1, 1, 1, 1, 1, 1, 1, 1, 1, 1, 1, 1, 1, 1, 1, 1, 1, 1, 1, 1, 1, 1, 1, 1, 1, 1, 1, 1, 1, 1, 1, 1, 1, 1, 1, 1, 1, 1, 1, 1, 1, 1, 1, 1, 1, 1, 1, 0, 3, 9, 4, 0, 1, 2, 0, 4, 9, 8, 16, 6, 0, 0, 0, 1, 2, 0, 0, 0, 0, 0, 0, 1, 1, 1, 1, 1, 1, 1, 1, 1, 1, 1, 1, 1, 1, 1, 1, 1, 1, 1, 1, 1, 1
1, 1, 1, 1, 1, 1, 1, 1, 1, 1, 1, 1, 1, 1, 1, 1, 1, 1, 1, 1, 1, 1, 1, 1, 1, 1, 1, 1, 1, 1, 1, 1, 4, 0, 0, 20, 124, 233, 255, 255, 255, 255, 255, 252, 255, 255, 255, 248, 233, 110, 6, 10, 0, 7, 5, 1, 1, 1, 1, 1, 1, 1, 1, 1, 1, 1, 1, 1, 1, 1, 1, 1, 1, 1, 1, 1, 1, 1, 1, 1, 1, 1, 1, 1, 1, 1, 1, 1, 1, 1, 1, 1, 1, 1, 1, 1, 1, 1, 1, 1, 1, 1, 1, 1, 1, 1, 1, 1, 1, 1, 1, 1, 1, 1, 1, 1, 1, 1, 1, 1, 1, 0, 0, 0, 2, 5, 0, 0, 2, 0, 0, 0, 5, 3, 2, 3, 0, 0, 4, 7, 7, 4, 0, 0, 1, 1, 1, 1, 1, 1, 1, 1, 1, 1, 1, 1, 1, 1, 1, 1, 1, 1, 1, 1, 1, 1
1, 1, 1, 1, 1, 1, 1, 1, 1, 1, 1, 1, 1, 1, 1, 1, 1, 1, 1, 1, 1, 1, 1, 1, 1, 1, 1, 1, 1, 1, 1, 1, 0, 0, 10, 6, 8, 115, 232, 252, 250, 255, 255, 253, 255, 250, 225, 193, 49, 0, 2, 0, 8, 0, 15, 0, 1, 1, 1, 1, 1, 1, 1, 1, 1, 1, 1, 1, 1, 1, 1, 1, 1, 1, 1, 1, 1, 1, 1, 1, 1, 1, 1, 1, 1, 1, 1, 1, 1, 1, 1, 1, 1, 1, 1, 1, 1, 1, 1, 1, 1, 1, 1, 1, 1, 1, 1, 1, 1, 1, 1, 1, 1, 1, 1, 1, 1, 1, 1, 1, 8, 0, 0, 0, 0, 3, 5, 7, 0, 3, 16, 13, 1, 0, 0, 2, 6, 0, 0, 0, 0, 0, 6, 11, 1, 1, 1, 1, 1, 1, 1, 1, 1, 1, 1, 1, 1, 1, 1, 1, 1, 1, 1, 1, 1, 1
1, 1, 1, 1, 1, 1, 1, 1, 1, 1, 1, 1, 1, 1, 1, 1, 1, 1, 1, 1, 1, 1, 1, 1, 1, 1, 1, 1, 1, 1, 1, 1, 0, 2, 0, 0, 0, 14, 93, 188, 239, 252, 255, 247, 215, 154, 65, 0, 0, 6, 3, 2, 0, 0, 0, 3, 1, 1, 1, 1, 1, 1, 1, 1, 1, 1, 1, 1, 1, 1, 1, 1, 1, 1, 1, 1, 1, 1, 1, 1, 1, 1, 1, 1, 1, 1, 1, 1, 1, 1, 1, 1, 1, 1, 1, 1, 1, 1, 1, 1, 1, 1, 1, 1, 1, 1, 1, 1, 1, 1, 1, 1, 1, 1, 1, 1, 1, 1, 1, 1, 0, 0, 5, 9, 1, 0, 0, 5, 1, 0, 0, 0, 0, 4, 0, 2, 0, 0, 0, 4, 5, 2, 0, 0, 1, 1, 1, 1, 1, 1, 1, 1, 1, 1, 1, 1, 1, 1, 1, 1, 1, 1, 1, 1, 1, 1
1, 1, 1, 1, 1, 1, 1, 1, 1, 1, 1, 1, 1, 1, 1, 1, 1, 1, 1, 1, 1, 1, 1, 1, 1, 1, 1, 1, 1, 1, 1, 1, 1, 1, 1, 1, 1, 1, 1, 1, 31, 47, 48, 26, 4, 0, 1, 0, 1, 1, 1, 1, 1, 1, 1, 1, 1, 1, 1, 1, 1, 1, 1, 1, 1, 1, 1, 1, 1, 1, 1, 1, 1, 1, 1, 1, 1, 1, 1, 1, 1, 1, 1, 1, 1, 1, 1, 1, 1, 1, 1, 1, 1, 1, 1, 1, 1, 1, 1, 1, 1, 1, 1, 1, 1, 1, 1, 1, 1, 1, 1, 1, 1, 1, 1, 1, 1, 1, 1, 1, 1, 1, 1, 1, 1, 1, 1, 1, 1, 1, 1, 1, 1, 1, 1, 1, 1, 1, 1, 1, 1, 1, 1, 1, 1, 1, 1, 1, 1, 1, 1, 1, 1, 1, 1, 1, 1, 1, 1, 1, 1, 1, 1, 1, 1, 1
1, 1, 1, 1, 1, 1, 1, 1, 1, 1, 1, 1, 1, 1, 1, 1, 1, 1, 1, 1, 1, 1, 1, 1, 1, 1, 1, 1, 1, 1, 1, 1, 1, 1, 1, 1, 1, 1, 1, 1, 0, 11, 13, 2, 0, 0, 3, 0, 1, 1, 1, 1, 1, 1, 1, 1, 1, 1, 1, 1, 1, 1, 1, 1, 1, 1, 1, 1, 1, 1, 1, 1, 1, 1, 1, 1, 1, 1, 1, 1, 1, 1, 1, 1, 1, 1, 1, 1, 1, 1, 1, 1, 1, 1, 1, 1, 1, 1, 1, 1, 1, 1, 1, 1, 1, 1, 1, 1, 1, 1, 1, 1, 1, 1, 1, 1, 1, 1, 1, 1, 1, 1, 1, 1, 1, 1, 1, 1, 1, 1, 1, 1, 1, 1, 1, 1, 1, 1, 1, 1, 1, 1, 1, 1, 1, 1, 1, 1, 1, 1, 1, 1, 1, 1, 1, 1, 1, 1, 1, 1, 1, 1, 1, 1, 1, 1
1, 1, 1, 1, 1, 1, 1, 1, 1, 1, 1, 1, 1, 1, 1, 1, 1, 1, 1, 1, 1, 1, 1, 1, 1, 1, 1, 1, 1, 1, 1, 1, 1, 1, 1, 1, 1, 1, 1, 1, 0, 0, 0, 0, 0, 4, 2, 0, 1, 1, 1, 1, 1, 1, 1, 1, 1, 1, 1, 1, 1, 1, 1, 1, 1, 1, 1, 1, 1, 1, 1, 1, 1, 1, 1, 1, 1, 1, 1, 1, 1, 1, 1, 1, 1, 1, 1, 1, 1, 1, 1, 1, 1, 1, 1, 1, 1, 1, 1, 1, 1, 1, 1, 1, 1, 1, 1, 1, 1, 1, 1, 1, 1, 1, 1, 1, 1, 1, 1, 1, 1, 1, 1, 1, 1, 1, 1, 1, 1, 1, 1, 1, 1, 1, 1, 1, 1, 1, 1, 1, 1, 1, 1, 1, 1, 1, 1, 1, 1, 1, 1, 1, 1, 1, 1, 1, 1, 1, 1, 1, 1, 1, 1, 1, 1, 1
1, 1, 1, 1, 1, 1, 1, 1, 1, 1, 1, 1, 1, 1, 1, 1, 1, 1, 1, 1, 1, 1, 1, 1, 1, 1, 1, 1, 1, 1, 1, 1, 1, 1, 1, 1, 1, 1, 1, 1, 6, 7, 3, 0, 1, 6, 3, 0, 1, 1, 1, 1, 1, 1, 1, 1, 1, 1, 1, 1, 1, 1, 1, 1, 1, 1, 1, 1, 1, 1, 1, 1, 1, 1, 1, 1, 1, 1, 1, 1, 1, 1, 1, 1, 1, 1, 1, 1, 1, 1, 1, 1, 1, 1, 1, 1, 1, 1, 1, 1, 1, 1, 1, 1, 1, 1, 1, 1, 1, 1, 1, 1, 1, 1, 1, 1, 1, 1, 1, 1, 1, 1, 1, 1, 1, 1, 1, 1, 1, 1, 1, 1, 1, 1, 1, 1, 1, 1, 1, 1, 1, 1, 1, 1, 1, 1, 1, 1, 1, 1, 1, 1, 1, 1, 1, 1, 1, 1, 1, 1, 1, 1, 1, 1, 1, 1
1, 1, 1, 1, 1, 1, 1, 1, 1, 1, 1, 1, 1, 1, 1, 1, 1, 1, 1, 1, 1, 1, 1, 1, 1, 1, 1, 1, 1, 1, 1, 1, 1, 1, 1, 1, 1, 1, 1, 1, 0, 0, 1, 0, 0, 3, 4, 3, 1, 1, 1, 1, 1, 1, 1, 1, 1, 1, 1, 1, 1, 1, 1, 1, 1, 1, 1, 1, 1, 1, 1, 1, 1, 1, 1, 1, 1, 1, 1, 1, 1, 1, 1, 1, 1, 1, 1, 1, 1, 1, 1, 1, 1, 1, 1, 1, 1, 1, 1, 1, 1, 1, 1, 1, 1, 1, 1, 1, 1, 1, 1, 1, 1, 1, 1, 1, 1, 1, 1, 1, 1, 1, 1, 1, 1, 1, 1, 1, 1, 1, 1, 1, 1, 1, 1, 1, 1, 1, 1, 1, 1, 1, 1, 1, 1, 1, 1, 1, 1, 1, 1, 1, 1, 1, 1, 1, 1, 1, 1, 1, 1, 1, 1, 1, 1, 1
1, 1, 1, 1, 1, 1, 1, 1, 1, 1, 1, 1, 1, 1, 1, 1, 1, 1, 1, 1, 1, 1, 1, 1, 1, 1, 1, 1, 1, 1, 1, 1, 1, 1, 1, 1, 1, 1, 1, 1, 0, 0, 2, 1, 0, 0, 0, 3, 1, 1, 1, 1, 1, 1, 1, 1, 1, 1, 1, 1, 1, 1, 1, 1, 1, 1, 1, 1, 1, 1, 1, 1, 1, 1, 1, 1, 1, 1, 1, 1, 1, 1, 1, 1, 1, 1, 1, 1, 1, 1, 1, 1, 1, 1, 1, 1, 1, 1, 1, 1, 1, 1, 1, 1, 1, 1, 1, 1, 1, 1, 1, 1, 1, 1, 1, 1, 1, 1, 1, 1, 1, 1, 1, 1, 1, 1, 1, 1, 1, 1, 1, 1, 1, 1, 1, 1, 1, 1, 1, 1, 1, 1, 1, 1, 1, 1, 1, 1, 1, 1, 1, 1, 1, 1, 1, 1, 1, 1, 1, 1, 1, 1, 1, 1, 1, 1
1, 1, 1, 1, 1, 1, 1, 1, 1, 1, 1, 1, 1, 1, 1, 1, 1, 1, 1, 1, 1, 1, 1, 1, 1, 1, 1, 1, 1, 1, 1, 1, 1, 1, 1, 1, 1, 1, 1, 1, 4, 4, 4, 3, 0, 0, 0, 0, 1, 1, 1, 1, 1, 1, 1, 1, 1, 1, 1, 1, 1, 1, 1, 1, 1, 1, 1, 1, 1, 1, 1, 1, 1, 1, 1, 1, 1, 1, 1, 1, 1, 1, 1, 1, 1, 1, 1, 1, 1, 1, 1, 1, 1, 1, 1, 1, 1, 1, 1, 1, 1, 1, 1, 1, 1, 1, 1, 1, 1, 1, 1, 1, 1, 1, 1, 1, 1, 1, 1, 1, 1, 1, 1, 1, 1, 1, 1, 1, 1, 1, 1, 1, 1, 1, 1, 1, 1, 1, 1, 1, 1, 1, 1, 1, 1, 1, 1, 1, 1, 1, 1, 1, 1, 1, 1, 1, 1, 1, 1, 1, 1, 1, 1, 1, 1, 1
1, 1, 1, 1, 1, 1, 1, 1, 1, 1, 1, 1, 1, 1, 1, 1, 1, 1, 1, 1, 1, 1, 1, 1, 1, 1, 1, 1, 1, 1, 1, 1, 1, 1, 1, 1, 1, 1, 1, 1, 0, 0, 0, 0, 2, 1, 1, 2, 1, 1, 1, 1, 1, 1, 1, 1, 1, 1, 1, 1, 1, 1, 1, 1, 1, 1, 1, 1, 1, 1, 1, 1, 1, 1, 1, 1, 1, 1, 1, 1, 1, 1, 1, 1, 1, 1, 1, 1, 1, 1, 1, 1, 1, 1, 1, 1, 1, 1, 1, 1, 1, 1, 1, 1, 1, 1, 1, 1, 1, 1, 1, 1, 1, 1, 1, 1, 1, 1, 1, 1, 1, 1, 1, 1, 1, 1, 1, 1, 1, 1, 1, 1, 1, 1, 1, 1, 1, 1, 1, 1, 1, 1, 1, 1, 1, 1, 1, 1, 1, 1, 1, 1, 1, 1, 1, 1, 1, 1, 1, 1, 1, 1, 1, 1, 1, 1
1, 1, 1, 1, 1, 1, 1, 1, 1, 1, 1, 1, 1, 1, 1, 1, 1, 1, 1, 1, 1, 1, 1, 1, 1, 1, 1, 1, 1, 1, 1, 1, 1, 1, 1, 1, 1, 1, 1, 1, 1, 1, 1, 1, 1, 1, 1, 1, 1, 1, 1, 1, 1, 1, 1, 1, 1, 1, 1, 1, 1, 1, 1, 1, 1, 1, 1, 1, 1, 1, 1, 1, 1, 1, 1, 1, 1, 1, 1, 1, 1, 1, 1, 1, 1, 1, 1, 1, 1, 1, 1, 1, 1, 1, 1, 1, 1, 1, 1, 1, 1, 1, 1, 1, 1, 1, 1, 1, 1, 1, 1, 1, 1, 1, 1, 1, 1, 1, 1, 1, 1, 1, 1, 1, 1, 1, 1, 1, 1, 1, 1, 1, 1, 1, 1, 1, 1, 1, 1, 1, 1, 1, 1, 1, 1, 1, 1, 1, 1, 1, 1, 1, 1, 1, 1, 1, 1, 1, 1, 1, 1, 1, 1, 1, 1, 1
1, 1, 1, 1, 1, 1, 1, 1, 1, 1, 1, 1, 1, 1, 1, 1, 1, 1, 1, 1, 1, 1, 1, 1, 1, 1, 1, 1, 1, 1, 1, 1, 1, 1, 1, 1, 1, 1, 1, 1, 1, 1, 1, 1, 1, 1, 1, 1, 1, 1, 1, 1, 1, 1, 1, 1, 1, 1, 1, 1, 1, 1, 1, 1, 1, 1, 1, 1, 1, 1, 1, 1, 1, 1, 1, 1, 1, 1, 1, 1, 1, 1, 1, 1, 1, 1, 1, 1, 1, 1, 1, 1, 1, 1, 1, 1, 1, 1, 1, 1, 1, 1, 1, 1, 1, 1, 1, 1, 1, 1, 1, 1, 1, 1, 1, 1, 1, 1, 1, 1, 1, 1, 1, 1, 1, 1, 1, 1, 1, 1, 1, 1, 1, 1, 1, 1, 1, 1, 1, 1, 1, 1, 1, 1, 1, 1, 1, 1, 1, 1, 1, 1, 1, 1, 1, 1, 1, 1, 1, 1, 1, 1, 1, 1, 1, 1
